0 0.000000 0.517361 0.054286 0.496783 0.169634 0.423156 0.117525 0.113009 0.109861 0.103955 0.049275 0.112469 0.000000 0.129636 0.000000 0.517361
0 0.401219 0.160950 0.352237 0.161080 0.244542 0.213366 0.262467 0.356072 0.282461 0.437695 0.298233 0.398328 0.423561 0.319922 0.401219 0.160950
0 0.000000 0.534964 0.033027 0.769958 0.372695 0.897844 0.400083 0.880484 0.533973 0.726573 0.526050 0.639877 0.515366 0.624491 0.361677 0.592053 0.306759 0.549955 0.285481 0.444027 0.211191 0.430825 0.158961 0.438166 0.035722 0.516278 0.000000 0.524547 0.000000 0.534964
0 0.506012 0.436673 0.547667 0.717895 0.801886 0.783488 0.873805 0.658550 0.888873 0.599017 0.878600 0.434970 0.859755 0.316034 0.846516 0.297631 0.620636 0.282094 0.570280 0.333077 0.541031 0.337186 0.502972 0.369555 0.506012 0.436673
0 0.502972 0.369555 0.536853 0.337773 0.416136 0.327720 0.302877 0.401053 0.291045 0.422980 0.308267 0.545522 0.321278 0.577467 0.525811 0.623023 0.502972 0.369555
0 0.243622 0.237136 0.249878 0.205861 0.355484 0.153867 0.348264 0.087336 0.332709 0.082767 0.316450 0.058033 0.317598 0.020722 0.071075 0.055367 0.079216 0.098130 0.108930 0.097330 0.121703 0.112422 0.161948 0.353313 0.170772 0.355450 0.175437 0.418964 0.271550 0.435852 0.243622 0.237136
0 0.000000 0.119445 0.069236 0.102909 0.076661 0.095111 0.068986 0.055661 0.000000 0.065356 0.000000 0.119445
0 0.394681 0.053794 0.429828 0.319042 0.560992 0.327627 0.619705 0.275469 0.586884 0.026781 0.492169 0.019828 0.394681 0.053794
0 0.692008 0.000000 0.686234 0.006064 0.607777 0.023845 0.598034 0.045478 0.601303 0.099056 0.624348 0.278194 0.837228 0.292181 0.874617 0.330833 0.917775 0.274106 0.934705 0.227822 0.914980 0.000000 0.692008 0.000000
0 0.876750 0.452117 0.892131 0.622200 0.960337 0.501163 0.947045 0.330786 0.934489 0.271758 0.870211 0.344961 0.876750 0.452117
0 0.948128 0.111106 0.933277 0.126702 0.934219 0.163720 0.941211 0.243794 0.950964 0.252556 0.961269 0.507786 0.996070 0.452234 0.948128 0.111106
0 0.909411 0.000000 0.921169 0.025395 0.932345 0.120078 0.948128 0.111106 0.932512 0.000000 0.909411 0.000000
0 0.359891 0.139739 0.398188 0.124225 0.389344 0.061298 0.504466 0.001214 0.353114 0.015730 0.364730 0.037739 0.360561 0.068720 0.347798 0.084023 0.359891 0.139739
1 0.078761 0.125213 0.073186 0.115863 0.038602 0.127478 0.035592 0.151542 0.090484 0.451167 0.104881 0.462653 0.132267 0.445295 0.078761 0.125213
1 0.027148 0.561389 0.006495 0.581178 0.019062 0.670600 0.052966 0.699609 0.152791 0.712598 0.354316 0.782219 0.379386 0.778695 0.508405 0.635602 0.039673 0.529233 0.025980 0.537913 0.027148 0.561389
1 0.398123 0.593686 0.402528 0.579556 0.384908 0.454177 0.392722 0.418822 0.504119 0.332242 0.480208 0.328848 0.362077 0.412997 0.353027 0.424402 0.377459 0.583080 0.398123 0.593686
1 0.600622 0.139680 0.597828 0.119809 0.582273 0.115241 0.401902 0.120325 0.409803 0.146234 0.600622 0.139680
1 0.688811 0.069872 0.713956 0.279109 0.750869 0.284055 0.727336 0.040816 0.699245 0.038008 0.688106 0.049706 0.688811 0.069872
1 0.748487 0.767350 0.740564 0.680653 0.734523 0.667992 0.715255 0.667323 0.724109 0.760644 0.748487 0.767350
1 0.772789 0.561294 0.871175 0.442769 0.869767 0.402439 0.812223 0.478073 0.765806 0.511616 0.615603 0.488819 0.589375 0.499259 0.567780 0.482031 0.515777 0.475830 0.523917 0.518592 0.772789 0.561294
1 0.635272 0.310433 0.580022 0.311442 0.569348 0.326452 0.572834 0.336094 0.779911 0.354275 0.809625 0.353477 0.822387 0.338173 0.635272 0.310433