1 0.473458 0.193095 0.392856 0.217486 0.497322 0.396270 0.588622 0.367133 0.473458 0.193095
1 0.655180 0.589850 0.672980 0.499383 0.619628 0.420834 0.534997 0.448669 0.584117 0.518748 0.569652 0.608564 0.655180 0.589850
1 0.366355 0.673542 0.357953 0.726316 0.567569 0.661430 0.567462 0.610984 0.366355 0.673542
1 0.655180 0.589850 0.646331 0.638062 0.844802 0.573364 0.843998 0.525711 0.655180 0.589850
1 0.530209 0.715880 0.727287 0.656766 0.729122 0.611253 0.543189 0.670180 0.534781 0.678464 0.530209 0.715880
1 0.457064 0.697642 0.350489 0.724455 0.289775 0.650000 0.279333 0.691884 0.341639 0.772666 0.451648 0.751159 0.457064 0.697642
1 0.760605 0.516781 0.760397 0.460380 0.669572 0.341347 0.601159 0.361362 0.663869 0.465970 0.671394 0.537544 0.760605 0.516781
1 0.697627 0.286059 0.736547 0.346181 0.872675 0.308944 0.823206 0.240259 0.697627 0.286059
1 0.628117 0.285041 0.521267 0.141252 0.447580 0.156986 0.543036 0.308314 0.628117 0.285041
1 0.431922 0.264298 0.253152 0.307217 0.242006 0.307405 0.276300 0.379719 0.469202 0.337358 0.473578 0.332519 0.431922 0.264298
1 0.322375 0.379344 0.240975 0.400570 0.221234 0.486105 0.257864 0.542691 0.269298 0.471395 0.364380 0.446167 0.328942 0.372084 0.322375 0.379344
1 0.206903 0.473634 0.200389 0.506117 0.300077 0.665916 0.319477 0.626266 0.206903 0.473634
1 0.762158 0.256180 0.730602 0.191961 0.523075 0.248470 0.555775 0.314456 0.762158 0.256180
1 0.156450 0.478850 0.249022 0.635391 0.261058 0.599836 0.171372 0.438083 0.160573 0.436873 0.156450 0.478850
0 0.149944 0.225134 0.145269 0.234348 0.141091 0.251103 0.153270 0.510680 0.200655 0.609986 0.234225 0.672481 0.238355 0.674994 0.244403 0.692072 0.317514 0.818553 0.329658 0.833444 0.359659 0.827578 0.839989 0.662620 0.956009 0.413505 0.943991 0.394937 0.708472 0.102659 0.698544 0.097961 0.164547 0.220620 0.149944 0.225134