1 0.738434 0.495075 0.525764 0.301020 0.477659 0.411291 0.719431 0.639655 0.744472 0.530189 0.738434 0.495075
1 0.403189 0.620606 0.496030 0.661848 0.586942 0.317200 0.494422 0.257630 0.402731 0.607539 0.402869 0.611461 0.403189 0.620606
1 0.340333 0.446178 0.558884 0.395370 0.537713 0.257428 0.349498 0.295400 0.321997 0.306827 0.340333 0.446178
0 0.331497 0.105012 0.322783 0.119970 0.311100 0.160152 0.310075 0.174841 0.313397 0.269970 0.315848 0.274072 0.313872 0.283561 0.315875 0.385016 0.323764 0.566861 0.334856 0.575894 0.326470 0.600259 0.321894 0.601466 0.327384 0.604414 0.328698 0.642048 0.335983 0.652259 0.343705 0.675017 0.351684 0.683113 0.716005 0.668297 0.739764 0.665373 0.744230 0.661031 0.742848 0.577345 0.744131 0.547994 0.749220 0.539444 0.748636 0.522717 0.742927 0.513497 0.744648 0.496691 0.738723 0.459217 0.734091 0.282492 0.725430 0.122656 0.718769 0.108234 0.372570 0.112998 0.331497 0.105012
0 1.000000 0.513316 0.997933 0.454133 0.962730 0.119192 0.957009 0.119803 0.816286 0.167630 0.760677 0.184225 0.732342 0.188355 0.744322 0.465302 0.751341 0.578097 0.756425 0.613506 0.766638 0.619428 0.920278 0.632903 0.974275 0.636252 1.000000 0.631742 1.000000 0.513316
0 1.000000 0.658481 0.986719 0.661983 0.972625 0.655148 0.967353 0.658473 0.960217 0.652442 0.954177 0.655794 0.915627 0.653998 0.904975 0.657511 0.893956 0.650569 0.884145 0.656145 0.867781 0.650436 0.818581 0.652155 0.795664 0.657142 0.787428 0.663709 0.782778 0.662823 0.777105 0.654648 0.776848 0.647331 0.757008 0.652211 0.760666 0.668830 0.756931 0.672100 0.755245 0.689952 0.768534 0.695769 0.770400 0.705123 0.775891 0.708072 0.769703 0.729220 0.759855 0.733752 0.758756 0.746348 0.769320 0.894606 1.000000 0.887542 1.000000 0.658481
0 0.495678 0.905209 0.766245 0.894716 0.757292 0.726514 0.750191 0.721528 0.751255 0.707884 0.747191 0.701747 0.753819 0.693142 0.750783 0.672314 0.573125 0.676427 0.452648 0.686913 0.446717 0.693400 0.441959 0.689380 0.432038 0.691819 0.429842 0.695036 0.469963 0.697822 0.477942 0.705917 0.484123 0.750706 0.491250 0.888617 0.495678 0.905209
0 0.339825 0.674106 0.327342 0.669308 0.314419 0.673947 0.256470 0.667597 0.257791 0.639291 0.253911 0.638380 0.197791 0.640339 0.172567 0.645406 0.167478 0.653958 0.167111 0.665484 0.171100 0.669531 0.166048 0.679128 0.100155 0.687709 0.018998 0.706961 0.041392 0.920027 0.490259 0.904352 0.483502 0.754914 0.479222 0.720525 0.474025 0.703959 0.450925 0.703719 0.435295 0.696939 0.349488 0.686328 0.339825 0.674106
0 0.047895 0.513694 0.032738 0.520505 0.000523 0.523722 0.000914 0.534898 0.007331 0.595952 0.058941 0.609602 0.142003 0.607748 0.144969 0.604503 0.153867 0.572794 0.150616 0.523714 0.146478 0.515484 0.134033 0.511734 0.047895 0.513694
0 0.304694 0.175028 0.302167 0.168838 0.298544 0.175242 0.249087 0.169642 0.233125 0.175433 0.215444 0.176052 0.205269 0.171173 0.150577 0.169944 0.122936 0.193936 0.121322 0.213878 0.127141 0.226236 0.122784 0.233712 0.127905 0.292148 0.138886 0.298045 0.144122 0.293675 0.153675 0.302761 0.161106 0.295175 0.166634 0.299169 0.171028 0.292736 0.175639 0.292575 0.179045 0.301877 0.187922 0.302611 0.198042 0.316913 0.198772 0.337820 0.213050 0.327902 0.248339 0.324577 0.271000 0.334252 0.280664 0.324494 0.300761 0.326931 0.304019 0.332052 0.307097 0.309964 0.306117 0.215798 0.304694 0.175028
0 0.000000 0.327130 0.000616 0.327994 0.022105 0.326195 0.038431 0.330859 0.093745 0.327880 0.099567 0.318258 0.117544 0.304023 0.125561 0.291183 0.123080 0.220097 0.109939 0.196483 0.084606 0.198414 0.082483 0.203720 0.055100 0.213050 0.005564 0.249320 0.000000 0.257909 0.000000 0.327130
0 0.000000 0.508737 0.000267 0.516405 0.029519 0.516430 0.046870 0.506403 0.060708 0.505920 0.065908 0.500506 0.072972 0.504445 0.080148 0.489542 0.091020 0.492302 0.090069 0.487102 0.092998 0.482812 0.119027 0.478764 0.129498 0.470025 0.134878 0.469838 0.141358 0.479031 0.144250 0.473697 0.152742 0.474447 0.158566 0.442844 0.153084 0.351975 0.147008 0.354281 0.103591 0.345331 0.100994 0.337048 0.094808 0.336216 0.031841 0.340509 0.017783 0.334720 0.009437 0.338152 0.006544 0.343486 0.001895 0.342602 0.000000 0.344537 0.000000 0.508737
0 0.235889 0.364783 0.231717 0.355509 0.220331 0.360094 0.214841 0.357145 0.193827 0.372533 0.165383 0.373525 0.158864 0.385266 0.161091 0.449036 0.168631 0.466566 0.179539 0.470370 0.243420 0.470233 0.256894 0.459297 0.256862 0.392311 0.250678 0.369502 0.245333 0.370734 0.235889 0.364783