1 0.398561 0.109811 0.376972 0.203323 0.539747 0.291522 0.565167 0.189314 0.398561 0.109811
1 0.770480 0.235345 0.714277 0.253834 0.606619 0.207092 0.577141 0.311097 0.692581 0.359639 0.754911 0.334355 0.770480 0.235345
1 0.324236 0.633027 0.377766 0.657697 0.450516 0.389939 0.398716 0.365669 0.390930 0.363870 0.386731 0.382055 0.324236 0.633027
1 0.269294 0.878902 0.424514 0.972195 0.443337 0.898561 0.289211 0.812363 0.287480 0.811962 0.269294 0.878902
1 0.588098 1.000000 0.600623 0.986861 0.610727 0.919422 0.548594 0.955695 0.480061 0.928928 0.462739 0.996069 0.473583 1.000000 0.588098 1.000000
1 1.000000 0.492586 0.735523 0.406489 0.710267 0.523781 0.985364 0.616022 1.000000 0.544919 1.000000 0.492586
1 0.329200 0.181352 0.360534 0.096927 0.254678 0.042389 0.239084 0.109928 0.329200 0.181352
1 0.460844 0.124189 0.510831 0.089216 0.345378 0.044177 0.322716 0.059466 0.460844 0.124189
1 0.554280 0.110189 0.522791 0.143962 0.690828 0.225166 0.715591 0.200786 0.554280 0.110189
1 0.849325 0.272702 0.866287 0.179487 0.738344 0.106172 0.721737 0.122859 0.838102 0.198972 0.821239 0.279898 0.849325 0.272702
1 0.535130 0.051048 0.682578 0.106978 0.704977 0.088894 0.555834 0.028467 0.549444 0.032462 0.535130 0.051048
1 0.233066 0.858225 0.249823 0.789587 0.134992 0.702883 0.108916 0.780314 0.233066 0.858225
1 0.782889 0.236842 0.764461 0.332456 0.850155 0.276997 0.863923 0.185781 0.782889 0.236842
1 0.883358 0.176589 0.863937 0.252819 0.950636 0.181177 0.957634 0.139016 0.883358 0.176589
1 0.881158 0.300570 0.838241 0.285191 0.737289 0.402794 0.791083 0.430261 0.881158 0.300570
1 0.869392 0.256814 0.908353 0.261705 0.966967 0.197259 0.930070 0.187373 0.869392 0.256814
1 0.000000 0.666502 0.077023 0.725069 0.113631 0.700688 0.000000 0.619538 0.000000 0.666502
1 0.000000 0.605769 0.082131 0.564819 0.067298 0.542242 0.025534 0.561328 0.000000 0.572330 0.000000 0.605769
0 0.593042 1.000000 0.615219 0.969023 0.650994 0.796702 0.669642 0.733291 0.670492 0.707905 0.679944 0.679989 0.676467 0.677681 0.679473 0.660317 0.705898 0.541516 0.721655 0.481950 0.731322 0.466125 0.727592 0.456233 0.738223 0.401505 0.789047 0.328966 0.859230 0.259392 0.871828 0.235214 0.870292 0.228841 0.875456 0.219498 0.880809 0.187628 0.906831 0.192131 0.909317 0.198723 0.918617 0.188833 0.941238 0.182017 0.952706 0.141023 0.950550 0.133002 0.757400 0.049283 0.614378 0.013255 0.563795 0.019634 0.554027 0.009855 0.543623 0.014977 0.487344 0.003488 0.484083 0.013269 0.426584 0.010530 0.254702 0.043080 0.223202 0.235953 0.151388 0.612136 0.125330 0.725003 0.120203 0.729839 0.122653 0.740939 0.114698 0.779733 0.165523 0.820059 0.207606 0.841812 0.327705 0.920705 0.471241 1.000000 0.584759 1.000000 0.588931 0.996063 0.593011 1.000000 0.593042 1.000000
0 1.000000 0.203753 0.942444 0.189819 0.926230 0.190589 0.795086 0.328856 0.743348 0.396669 0.738516 0.404581 0.686655 0.637897 0.668730 0.728564 0.669897 0.740873 0.664111 0.748566 0.645602 0.833080 0.615281 1.000000 0.896716 1.000000 1.000000 0.552627 1.000000 0.203753
0 0.000000 0.863491 0.018709 0.856892 0.048219 0.824580 0.108330 0.781272 0.115219 0.755775 0.111158 0.747314 0.000000 0.672305 0.000000 0.863491
0 0.000000 0.671108 0.052061 0.708087 0.116575 0.745555 0.163527 0.529164 0.160089 0.522350 0.160570 0.502897 0.118703 0.493231 0.114530 0.498287 0.095498 0.493894 0.061941 0.478623 0.001372 0.463136 0.000000 0.463161 0.000000 0.671108