0 0.748366 0.381264 0.756536 0.370370 0.754902 0.115469 0.681372 0.084967 0.558823 0.104575 0.552288 0.124183 0.562092 0.359477 0.627452 0.398692 0.748366 0.381264
0 0.998366 0.588236 0.998366 0.376906 0.931372 0.355120 0.834967 0.372548 0.825164 0.383442 0.825164 0.529413 0.833333 0.551198 0.923203 0.603486 0.998366 0.588236
0 0.537581 0.997822 0.633988 0.980392 0.681372 0.960784 0.681372 0.740741 0.671569 0.721133 0.566200 0.622222 0.478758 0.644880 0.406863 0.662309 0.413398 0.895425 0.493464 0.989106 0.504902 0.997822 0.537581 0.997822
0 0.847344 0.976719 0.809205 0.943303 0.801577 0.931680 0.755809 0.898266 0.720938 0.904077 0.689542 0.917211 0.696078 0.997822 0.866013 0.997822 0.847344 0.976719
0 0.406012 0.657089 0.483659 0.644880 0.478758 0.457516 0.416667 0.400872 0.230392 0.427016 0.168300 0.446623 0.174836 0.675381 0.227123 0.738563 0.405228 0.710239 0.406012 0.657089
0 0.274509 0.418300 0.264706 0.257081 0.084967 0.254902 0.052288 0.265795 0.055556 0.442266 0.062092 0.457516 0.163008 0.443520 0.274509 0.418300
0 0.962419 0.143791 0.960784 0.037038 0.954248 0.026144 0.885620 0.006536 0.821895 0.010894 0.808823 0.021786 0.810458 0.141613 0.867647 0.161220 0.944444 0.156862 0.962419 0.143791
0 0.772877 0.061002 0.784314 0.052288 0.787581 0.000000 0.619281 0.002178 0.632353 0.056645 0.678105 0.065359 0.772877 0.061002
0 0.513072 0.076253 0.506536 0.061002 0.475491 0.047930 0.436275 0.047930 0.344772 0.069717 0.349673 0.198258 0.415033 0.206972 0.516341 0.189542 0.513072 0.076253
0 0.225491 0.000000 0.227123 0.078431 0.264706 0.087145 0.371142 0.059966 0.393791 0.052288 0.383988 0.000000 0.225491 0.000000
0 0.000000 0.326797 0.049020 0.309369 0.051859 0.250289 0.117647 0.252723 0.106209 0.043573 0.047386 0.021786 0.014706 0.021786 0.000000 0.023966 0.000000 0.326797