1 0.338772 0.130483 0.332077 0.226222 0.506645 0.287870 0.515764 0.182945 0.338772 0.130483
1 0.725748 0.196292 0.673130 0.223345 0.559486 0.194020 0.546641 0.301356 0.668255 0.331241 0.725859 0.296517 0.725748 0.196292
1 0.347209 0.658884 0.403939 0.674877 0.433906 0.399036 0.378948 0.383167 0.370978 0.382609 0.369677 0.401225 0.347209 0.658884
1 0.331406 0.910327 0.499312 0.978191 0.506383 0.902519 0.340670 0.841491 0.338898 0.841367 0.331406 0.910327
1 0.650677 1.000000 0.651780 0.999541 0.675545 0.965125 0.674975 0.896936 0.619283 0.942484 0.547405 0.926767 0.540798 0.995789 0.562602 1.000000 0.650677 1.000000
1 1.000000 0.415623 0.717995 0.370797 0.711398 0.490595 0.997537 0.538666 1.000000 0.485103 1.000000 0.415623
1 0.281455 0.211994 0.299197 0.123705 0.186112 0.086400 0.181277 0.155547 0.281455 0.211994
1 0.402536 0.134941 0.446436 0.092580 0.275977 0.073977 0.255983 0.092623 0.402536 0.134941
1 0.492631 0.106498 0.466814 0.144780 0.645484 0.198697 0.666128 0.170744 0.492631 0.106498
1 0.809466 0.220855 0.811639 0.126133 0.673802 0.073734 0.660008 0.092816 0.786847 0.149789 0.782853 0.232356 0.809466 0.220855
1 0.464467 0.051080 0.618848 0.083255 0.638142 0.061889 0.481383 0.025538 0.475697 0.030484 0.464467 0.051080
1 0.292391 0.895572 0.298205 0.825158 0.171223 0.757484 0.157581 0.838042 0.292391 0.895572
1 0.738239 0.195830 0.734995 0.293148 0.810958 0.224967 0.810289 0.132720 0.738239 0.195830
1 0.828045 0.120600 0.820789 0.198930 0.895211 0.114606 0.895531 0.071869 0.828045 0.120600
1 0.845267 0.243402 0.800473 0.234923 0.719161 0.366870 0.776589 0.385584 0.845267 0.243402
1 0.826802 0.202022 0.866048 0.200758 0.913858 0.127936 0.875870 0.123944 0.826802 0.202022
1 0.000000 0.725367 0.117439 0.788467 0.149783 0.758658 0.019073 0.693397 0.000000 0.720231 0.000000 0.725367
1 0.000000 0.695831 0.001875 0.697539 0.097416 0.629391 0.079233 0.609413 0.040970 0.634797 0.000000 0.660705 0.000000 0.695831
0 0.646945 1.000000 0.665438 0.976044 0.670105 0.979309 0.687172 0.945227 0.695548 0.769430 0.704048 0.703880 0.700917 0.678673 0.705884 0.649623 0.702091 0.647889 0.702344 0.630267 0.709859 0.508795 0.716103 0.447498 0.723175 0.430355 0.717944 0.421169 0.719883 0.365450 0.758733 0.285855 0.817169 0.206159 0.825828 0.180308 0.823316 0.174253 0.826953 0.164217 0.827256 0.131902 0.853661 0.132278 0.857148 0.138402 0.864786 0.127177 0.886063 0.116906 0.890977 0.074623 0.887591 0.067037 0.683723 0.014566 0.536827 0.001355 0.487864 0.015569 0.476686 0.007437 0.467211 0.014125 0.409827 0.011581 0.408138 0.021753 0.350919 0.028041 0.186242 0.087078 0.185303 0.282503 0.173220 0.665291 0.165141 0.780845 0.160834 0.786423 0.164989 0.797003 0.163202 0.836564 0.219709 0.868442 0.264678 0.883345 0.395637 0.942478 0.554386 1.000000 0.646945 1.000000
0 1.000000 0.133417 0.888473 0.124423 0.872580 0.127722 0.764680 0.284802 0.724187 0.359872 0.720652 0.368444 0.705928 0.607002 0.702406 0.699356 0.705486 0.711330 0.700975 0.719833 0.695914 0.806202 0.691531 1.000000 0.965278 1.000000 1.000000 0.503461 1.000000 0.133417
0 0.000000 0.964788 0.027816 0.966733 0.054011 0.942108 0.080466 0.927789 0.104556 0.891256 0.157153 0.839080 0.159967 0.812820 0.154634 0.805097 0.000000 0.732953 0.000000 0.964788
0 0.000000 0.730884 0.090128 0.775598 0.159709 0.802512 0.172231 0.581441 0.167770 0.575248 0.165203 0.555961 0.122339 0.552964 0.119006 0.558609 0.099523 0.557247 0.063991 0.547414 0.001744 0.541591 0.000000 0.541900 0.000000 0.730884