1 0.411847 0.659916 0.428458 0.764123 0.538103 0.791086 0.521945 0.689441 0.411847 0.659916
1 0.129361 0.737502 0.130719 0.745198 0.223795 0.763177 0.201477 0.666587 0.110561 0.650873 0.129361 0.737502
1 0.509500 0.323928 0.513495 0.361581 0.643358 0.353233 0.640848 0.313995 0.509500 0.323928
1 0.755600 0.654855 0.770953 0.761931 0.828862 0.705425 0.813506 0.598352 0.755600 0.654855
1 0.942403 0.419544 0.953158 0.515528 0.998542 0.492975 0.986706 0.395861 0.942403 0.419544
1 0.514106 0.245078 0.572009 0.278517 0.642689 0.214469 0.571261 0.199288 0.514106 0.245078
1 0.144006 0.225684 0.214984 0.238300 0.264922 0.176588 0.197011 0.171367 0.144006 0.225684
1 0.477883 0.149619 0.493570 0.178598 0.608123 0.158398 0.592612 0.125422 0.477883 0.149619
1 0.131817 0.136569 0.220652 0.090483 0.186608 0.067386 0.179317 0.066025 0.092822 0.110377 0.131817 0.136569
1 0.569319 0.000000 0.549273 0.024602 0.646448 0.045825 0.669958 0.019195 0.592367 0.000000 0.569319 0.000000
1 0.228525 0.040155 0.254520 0.072606 0.318409 0.060019 0.292641 0.028850 0.228525 0.040155
0 0.879434 0.681297 0.897878 0.655428 0.902970 0.643816 0.902950 0.621202 0.909105 0.620116 0.903267 0.614003 0.899761 0.589622 0.851681 0.190977 0.847903 0.178548 0.838987 0.172978 0.741528 0.155642 0.722656 0.156587 0.699078 0.148841 0.631034 0.145363 0.628681 0.141017 0.627753 0.144752 0.612072 0.136803 0.596480 0.138361 0.588131 0.131502 0.563262 0.129934 0.560998 0.135095 0.538845 0.135430 0.529861 0.142966 0.500625 0.148120 0.496823 0.153555 0.481073 0.158711 0.436719 0.195102 0.419067 0.202975 0.277858 0.306444 0.264506 0.320702 0.266722 0.351261 0.345550 0.802816 0.354103 0.810831 0.593078 0.879402 0.612153 0.879609 0.615277 0.883822 0.645372 0.888038 0.647725 0.892384 0.681712 0.900677 0.692484 0.898778 0.727967 0.861569 0.789252 0.781719 0.799413 0.776356 0.802400 0.766306 0.819598 0.751369 0.856894 0.701937 0.879434 0.681297
0 0.000000 0.429697 0.019922 0.535248 0.064506 0.747614 0.097725 0.756042 0.122683 0.767116 0.163392 0.773034 0.170769 0.778875 0.197017 0.783770 0.204394 0.789611 0.213830 0.789139 0.220438 0.795117 0.242431 0.798380 0.270670 0.810066 0.283184 0.809052 0.311017 0.818428 0.336406 0.813950 0.341703 0.803494 0.333266 0.746650 0.287845 0.507053 0.288322 0.496255 0.283119 0.475745 0.284408 0.469566 0.266608 0.359614 0.260839 0.340394 0.255002 0.334283 0.252603 0.325181 0.254867 0.320020 0.263330 0.318528 0.265955 0.310922 0.274011 0.307122 0.276070 0.300806 0.286797 0.294153 0.291052 0.295784 0.291775 0.290894 0.300602 0.286958 0.304200 0.280370 0.346539 0.255048 0.358194 0.244661 0.360253 0.238347 0.376003 0.233188 0.379036 0.227892 0.389400 0.223683 0.390125 0.218794 0.404133 0.212752 0.403319 0.208134 0.412144 0.204197 0.416308 0.196320 0.432827 0.191027 0.435814 0.180977 0.424122 0.105662 0.412331 0.101788 0.409775 0.096287 0.366758 0.090777 0.360852 0.097770 0.354811 0.090503 0.350195 0.091317 0.345464 0.100484 0.349922 0.103269 0.352886 0.111080 0.343495 0.116308 0.344920 0.124389 0.339692 0.121739 0.337836 0.129209 0.303984 0.135178 0.297670 0.139863 0.292444 0.137213 0.291947 0.125397 0.304211 0.118472 0.310277 0.107878 0.308806 0.095044 0.314961 0.093958 0.313536 0.085877 0.306816 0.088252 0.290569 0.081594 0.266108 0.082336 0.230989 0.076623 0.220986 0.078387 0.222367 0.081716 0.215125 0.090134 0.201797 0.086533 0.197836 0.095564 0.191230 0.089588 0.193378 0.092778 0.190391 0.102830 0.181972 0.109075 0.170591 0.107511 0.160475 0.117627 0.148572 0.122108 0.145222 0.134602 0.118566 0.127398 0.116100 0.131405 0.102250 0.133847 0.099217 0.139142 0.073942 0.135267 0.069573 0.141987 0.065523 0.141512 0.064912 0.138048 0.060137 0.142462 0.041673 0.145717 0.039409 0.150878 0.036288 0.146667 0.035245 0.158755 0.025855 0.163983 0.011394 0.162961 0.000509 0.173212 0.000758 0.179120 0.000000 0.179606 0.000000 0.429697
0 0.608003 0.000000 0.566936 0.029291 0.537133 0.035736 0.532855 0.051966 0.543441 0.112002 0.545839 0.121103 0.551066 0.123753 0.591933 0.126069 0.598336 0.130892 0.614900 0.130352 0.627663 0.135245 0.635153 0.132733 0.642733 0.139728 0.684370 0.141911 0.694823 0.147211 0.807105 0.163123 0.845347 0.173047 0.853423 0.191859 0.907362 0.619233 0.922953 0.617673 0.924809 0.610205 0.957172 0.568786 1.000000 0.525289 1.000000 0.460755 0.922317 0.020197 0.918756 0.000000 0.608003 0.000000
0 0.441042 0.183627 0.510695 0.133250 0.532759 0.123409 0.535023 0.118248 0.526269 0.068603 0.519120 0.046055 0.470469 0.035586 0.468344 0.014534 0.456441 0.019014 0.420802 0.019345 0.383170 0.012887 0.297000 0.028081 0.166964 0.051456 0.184859 0.068942 0.345241 0.076716 0.360877 0.079911 0.365175 0.086294 0.409527 0.090378 0.424642 0.099617 0.441042 0.183627