1 0.294941 0.152886 0.299963 0.248727 0.480744 0.288642 0.477008 0.183387 0.294941 0.152886
1 0.521753 0.189052 0.522084 0.297153 0.646434 0.311994 0.699378 0.270508 0.687053 0.171044 0.638123 0.204308 0.521753 0.189052
1 0.422094 0.407844 0.365613 0.398791 0.357633 0.399208 0.358611 0.417844 0.367711 0.676320 0.425967 0.685280 0.422094 0.407844
1 0.383475 0.858362 0.381702 0.858456 0.382669 0.927814 0.557594 0.974709 0.555391 0.898741 0.383475 0.858362
1 0.710487 0.977911 0.711527 0.977320 0.730922 0.940264 0.722045 0.872653 0.672319 0.924650 0.599061 0.917809 0.600916 0.987122 0.623070 0.988644 0.710487 0.977911
1 0.998541 0.477742 0.994458 0.424280 0.985991 0.355317 0.700625 0.345194 0.708677 0.464903 0.998541 0.477742
1 0.247984 0.240775 0.254834 0.150981 0.138047 0.127736 0.141673 0.196956 0.247984 0.240775
1 0.358773 0.149539 0.397183 0.102144 0.225727 0.104453 0.208155 0.125398 0.358773 0.149539
1 0.444730 0.110330 0.423770 0.151472 0.607680 0.183213 0.624764 0.152952 0.444730 0.110330
1 0.620558 0.055731 0.609192 0.076350 0.742028 0.117442 0.748127 0.199880 0.773139 0.185220 0.763753 0.090941 0.620558 0.055731
1 0.423698 0.031342 0.418658 0.036945 0.410022 0.058756 0.567173 0.071877 0.583720 0.048319 0.423698 0.031342
1 0.342147 0.917925 0.339336 0.847327 0.205053 0.795633 0.201331 0.877253 0.342147 0.917925
1 0.699394 0.169063 0.708034 0.266052 0.775122 0.189120 0.763216 0.097644 0.699394 0.169063
1 0.779362 0.083450 0.781706 0.162080 0.845297 0.069314 0.840406 0.026856 0.779362 0.083450
1 0.811422 0.203238 0.765930 0.200281 0.701303 0.341153 0.760584 0.352730 0.811422 0.203238
1 0.788052 0.164416 0.826852 0.158378 0.865430 0.080273 0.827239 0.080939 0.788052 0.164416
1 0.046227 0.750566 0.030566 0.779525 0.031192 0.784622 0.155445 0.832939 0.183916 0.799411 0.046227 0.750566
1 0.116186 0.677489 0.095703 0.659875 0.060819 0.689734 0.023312 0.720442 0.027592 0.755306 0.029663 0.756773 0.116186 0.677489
0 0.493741 0.000000 0.475783 0.000583 0.428917 0.020659 0.416831 0.013950 0.408242 0.021742 0.350975 0.026211 0.350539 0.036512 0.294513 0.049727 0.138258 0.128394 0.161142 0.322477 0.195800 0.703883 0.201863 0.819561 0.198269 0.825622 0.203681 0.835617 0.206728 0.875100 0.266700 0.899855 0.313150 0.909167 0.450341 0.951898 0.614916 0.989645 0.706784 0.978366 0.722219 0.952334 0.727250 0.955006 0.740036 0.919097 0.726927 0.743591 0.727373 0.677492 0.721194 0.652856 0.722584 0.623417 0.718608 0.622158 0.716711 0.604636 0.709367 0.483155 0.708094 0.421553 0.713023 0.403675 0.706712 0.395195 0.701847 0.339656 0.730706 0.255919 0.778994 0.169697 0.784439 0.142983 0.781208 0.137280 0.783594 0.126875 0.779956 0.094762 0.806211 0.091919 0.810419 0.097572 0.816631 0.085500 0.836497 0.072712 0.836222 0.030145 0.831938 0.023030 0.655433 0.000000 0.493741 0.000000
0 1.000000 0.505567 0.996695 0.442500 0.951598 0.075216 0.839806 0.079880 0.824433 0.085091 0.736481 0.254150 0.705439 0.333595 0.702973 0.342534 0.717433 0.581108 0.725192 0.673203 0.729709 0.684713 0.726267 0.693702 0.731770 0.780044 0.751038 0.972931 1.000000 0.942362 1.000000 0.505567
0 0.105527 1.000000 0.111214 0.993164 0.135727 0.975728 0.155186 0.936533 0.201033 0.878334 0.200625 0.851928 0.194391 0.844913 0.032117 0.792152 0.057637 1.000000 0.105527 1.000000
0 0.109486 0.605627 0.073019 0.600197 0.010527 0.602003 0.008833 0.602522 0.031864 0.790098 0.126770 0.823495 0.199112 0.841728 0.184600 0.620778 0.179417 0.615177 0.174519 0.596345 0.131609 0.598595 0.128989 0.604605 0.109486 0.605627