0 0.330078 0.278645 0.329102 0.113281 0.321289 0.108073 0.271484 0.105469 0.177734 0.105469 0.171875 0.113281 0.169922 0.203125 0.168945 0.279948 0.175781 0.291667 0.319336 0.295573 0.330078 0.278645
0 0.531250 0.309895 0.539062 0.304688 0.541992 0.138020 0.535156 0.123698 0.412109 0.109375 0.370117 0.109375 0.366211 0.114583 0.363281 0.210938 0.362305 0.283855 0.368164 0.304688 0.487305 0.309895 0.531250 0.309895
0 0.721680 0.317708 0.719727 0.152344 0.712891 0.141927 0.646484 0.126302 0.575195 0.117188 0.558594 0.117188 0.549805 0.126302 0.550781 0.305989 0.608398 0.319011 0.709961 0.322917 0.721680 0.317708
0 0.975586 0.404948 0.969727 0.265625 0.963867 0.234375 0.807617 0.207031 0.801758 0.214844 0.798828 0.236980 0.797852 0.342448 0.804688 0.404948 0.910156 0.408855 0.975586 0.404948
0 0.335938 0.480469 0.332031 0.317708 0.321289 0.290364 0.175781 0.289062 0.155273 0.291667 0.148438 0.298177 0.150391 0.483073 0.154297 0.489583 0.319336 0.486980 0.335938 0.480469
0 0.476562 0.498698 0.484375 0.493489 0.491211 0.334636 0.488281 0.316406 0.369141 0.305989 0.343750 0.308594 0.338867 0.316406 0.333984 0.449219 0.336914 0.479167 0.397461 0.496094 0.476562 0.498698
0 0.532227 0.496094 0.584961 0.490886 0.621094 0.501302 0.647461 0.497395 0.652344 0.440105 0.650391 0.330730 0.646484 0.325520 0.530273 0.315105 0.505859 0.320312 0.496094 0.337239 0.495117 0.454427 0.497070 0.479167 0.503906 0.490886 0.532227 0.496094
0 0.686523 0.509114 0.721680 0.505208 0.754883 0.477864 0.792969 0.433594 0.801758 0.407552 0.800781 0.347656 0.793945 0.328125 0.738281 0.321614 0.667969 0.322917 0.657227 0.328125 0.660156 0.447917 0.663086 0.492188 0.667969 0.505208 0.686523 0.509114
0 0.874023 0.653645 0.976562 0.652344 0.990234 0.645833 0.991211 0.535156 0.986328 0.412761 0.974609 0.407552 0.823242 0.404948 0.807617 0.417969 0.806641 0.471355 0.812500 0.501302 0.810547 0.645833 0.874023 0.653645
0 0.983398 0.906250 0.995117 0.899739 0.987305 0.657552 0.843750 0.652344 0.812500 0.657552 0.810547 0.665364 0.817383 0.889323 0.822266 0.910156 0.925781 0.912761 0.983398 0.906250
0 0.798828 0.708333 0.801758 0.615886 0.799805 0.524739 0.794922 0.513020 0.783203 0.507812 0.616211 0.509114 0.593750 0.516927 0.594727 0.696614 0.598633 0.705730 0.774414 0.712239 0.798828 0.708333
0 0.795305 0.907300 0.791955 0.896880 0.791955 0.801614 0.795305 0.743561 0.795898 0.709636 0.631836 0.705730 0.605469 0.708333 0.595703 0.716145 0.599609 0.899739 0.603516 0.911458 0.795898 0.912761 0.795305 0.907300
0 0.310547 0.692708 0.354492 0.688802 0.361328 0.682292 0.363281 0.507812 0.357422 0.490886 0.172852 0.490886 0.164062 0.493489 0.160156 0.501302 0.158203 0.682292 0.161133 0.687500 0.212891 0.694011 0.310547 0.692708
0 0.588867 0.696614 0.590820 0.591145 0.586914 0.513020 0.569336 0.505208 0.532227 0.501302 0.390625 0.498698 0.379883 0.505208 0.383789 0.675781 0.391602 0.707031 0.562500 0.704427 0.588867 0.696614
0 0.563477 0.908855 0.593750 0.898438 0.585938 0.708333 0.582031 0.701823 0.557617 0.696614 0.389648 0.700520 0.375977 0.694011 0.365234 0.697917 0.360352 0.709636 0.358398 0.899739 0.363281 0.907552 0.380859 0.911458 0.563477 0.908855
0 0.256053 0.910277 0.263869 0.904323 0.267217 0.896880 0.280273 0.902344 0.293945 0.898438 0.304688 0.906250 0.318359 0.906250 0.331055 0.899739 0.340905 0.783752 0.342020 0.730164 0.340905 0.698905 0.319691 0.695928 0.286133 0.695312 0.279498 0.701883 0.252930 0.704427 0.241539 0.697417 0.231491 0.692950 0.221444 0.694441 0.199114 0.698905 0.142175 0.694441 0.155273 0.742188 0.217773 0.820312 0.238281 0.876302 0.246005 0.902833 0.256053 0.910277
0 0.000000 0.467448 0.064453 0.468750 0.087467 0.472648 0.094167 0.292536 0.070312 0.290364 0.061523 0.287761 0.023438 0.285156 0.015625 0.290364 0.000000 0.390625 0.000000 0.467448
0 0.072266 0.683594 0.081055 0.628906 0.082031 0.531250 0.078125 0.503906 0.062500 0.497395 0.010742 0.502605 0.000977 0.509114 0.000000 0.687500 0.013672 0.695312 0.064453 0.699219 0.072266 0.683594
0 0.156250 0.000000 0.154297 0.015625 0.153320 0.039062 0.163086 0.053386 0.305664 0.054688 0.318359 0.052083 0.321289 0.041667 0.316406 0.000000 0.156250 0.000000
0 0.763672 0.000000 0.763672 0.011719 0.752930 0.026042 0.752930 0.045573 0.780273 0.062500 0.953125 0.066406 0.966797 0.065105 0.972656 0.058594 0.965820 0.000000 0.763672 0.000000
0 0.487305 0.000000 0.484375 0.052083 0.494141 0.059895 0.682617 0.066406 0.699219 0.063802 0.704102 0.053386 0.695312 0.000000 0.487305 0.000000
0 0.333984 0.000000 0.328125 0.050781 0.334961 0.054688 0.470703 0.059895 0.487305 0.052083 0.485352 0.000000 0.333984 0.000000