1 0.452114 0.195695 0.373409 0.225648 0.490094 0.396711 0.579138 0.361275 0.452114 0.195695
1 0.661070 0.578808 0.672516 0.487319 0.613814 0.412681 0.531330 0.446352 0.585220 0.512834 0.577055 0.603441 0.661070 0.578808
1 0.378786 0.682442 0.374086 0.735672 0.578666 0.656323 0.575039 0.606008 0.378786 0.682442
1 0.661070 0.578808 0.655605 0.627519 0.849080 0.549133 0.844953 0.501652 0.661070 0.578808
1 0.545195 0.713245 0.737670 0.640528 0.736325 0.594998 0.554956 0.666753 0.547147 0.675603 0.545195 0.713245
1 0.470956 0.700156 0.366511 0.734337 0.300750 0.664300 0.293255 0.706809 0.361045 0.783048 0.469287 0.753920 0.470956 0.700156
1 0.761141 0.498562 0.756998 0.442312 0.658092 0.329905 0.591242 0.354644 0.661097 0.454623 0.673595 0.525495 0.761141 0.498562
1 0.682222 0.272795 0.725241 0.330056 0.858441 0.283412 0.804302 0.218347 0.682222 0.272795
1 0.612809 0.276627 0.496191 0.140642 0.423780 0.161478 0.529559 0.305780 0.612809 0.276627
1 0.415647 0.269622 0.240306 0.324906 0.229200 0.325870 0.268455 0.395617 0.457931 0.339903 0.461961 0.334769 0.415647 0.269622
1 0.314391 0.392028 0.234670 0.418881 0.220945 0.505584 0.261433 0.559477 0.267864 0.487559 0.360955 0.455758 0.320436 0.384328 0.314391 0.392028
1 0.205778 0.494144 0.201547 0.527002 0.312138 0.679456 0.328723 0.638550 0.205778 0.494144
1 0.744511 0.238486 0.708553 0.176625 0.505472 0.247473 0.542695 0.311017 0.744511 0.238486
1 0.155812 0.502866 0.259078 0.652569 0.268603 0.616261 0.167853 0.461158 0.156997 0.460705 0.155812 0.502866
0 0.131623 0.250223 0.127602 0.259741 0.124603 0.276745 0.154861 0.534841 0.209056 0.630598 0.246903 0.690600 0.251198 0.692819 0.258423 0.709434 0.340180 0.830506 0.353333 0.844514 0.382853 0.836569 0.850505 0.638508 0.948864 0.381906 0.935580 0.364222 0.680247 0.089086 0.670016 0.085091 0.145875 0.244700 0.131623 0.250223