1 0.567672 0.651875 0.581627 0.619745 0.567252 0.548056 0.490138 0.553408 0.389336 0.572856 0.326456 0.594084 0.316244 0.667578 0.567672 0.651875
1 0.327706 0.778286 0.408441 0.757369 0.434866 0.714297 0.434530 0.669642 0.196959 0.658798 0.194806 0.654295 0.181030 0.740006 0.327706 0.778286
1 0.442878 0.319288 0.402484 0.267236 0.233970 0.329036 0.255709 0.426528 0.424263 0.362497 0.450378 0.337280 0.442878 0.319288
1 0.207230 0.581956 0.352798 0.491850 0.306081 0.418478 0.140875 0.482569 0.137527 0.482511 0.207230 0.581956
1 0.599042 0.517356 0.626478 0.608250 0.842466 0.512675 0.827245 0.425342 0.599042 0.517356
1 0.538806 0.323195 0.449406 0.201081 0.393239 0.221308 0.387447 0.233486 0.482997 0.386962 0.538806 0.323195
1 0.500859 0.258906 0.580005 0.201127 0.489158 0.097964 0.422892 0.121364 0.422678 0.133641 0.500859 0.258906
1 0.642081 0.162027 0.670452 0.199358 0.838050 0.190005 0.786247 0.152264 0.642081 0.162027
1 0.551680 0.672803 0.570091 0.769122 0.773077 0.650994 0.727553 0.573180 0.551680 0.672803
1 0.629717 0.486637 0.626500 0.415142 0.538377 0.347745 0.499327 0.410689 0.568680 0.530220 0.602428 0.515183 0.629717 0.486637
0 0.921367 0.443283 0.921005 0.374516 0.932922 0.318466 0.929025 0.273078 0.919980 0.254167 0.744117 0.122953 0.664906 0.095003 0.522848 0.086273 0.290461 0.149414 0.240061 0.171977 0.166797 0.161320 0.100337 0.208606 0.086005 0.223983 0.094392 0.549178 0.093642 0.592141 0.082039 0.630225 0.084755 0.653714 0.183356 0.824211 0.237408 0.861097 0.294666 0.893352 0.335148 0.901872 0.358202 0.924153 0.395695 0.924806 0.488495 0.890484 0.586283 0.839058 0.671000 0.820220 0.942908 0.731203 0.921367 0.443283