1 0.000000 0.301484 0.014766 0.372711 0.228977 0.325488 0.200917 0.182627 0.000000 0.223763 0.000000 0.301484
1 0.214580 0.174648 0.246223 0.323512 0.450148 0.278477 0.420319 0.130917 0.214580 0.174648
1 0.252727 0.383016 0.277991 0.516327 0.485247 0.468889 0.458122 0.337666 0.252727 0.383016
1 0.265452 0.522372 0.239016 0.394388 0.027147 0.430964 0.056178 0.556708 0.265452 0.522372
1 0.312166 0.720463 0.279006 0.575302 0.069153 0.624980 0.099123 0.762364 0.312166 0.720463
1 0.295514 0.573484 0.327941 0.718802 0.533039 0.668442 0.499536 0.521662 0.295514 0.573484
1 0.355892 0.922570 0.324155 0.780491 0.107925 0.814611 0.138489 0.962016 0.355892 0.922570
1 0.337084 0.772667 0.366961 0.916836 0.570544 0.870178 0.543169 0.730553 0.337084 0.772667
1 0.514825 0.528559 0.549406 0.676800 0.751177 0.628839 0.717769 0.475275 0.514825 0.528559
1 0.429528 0.127269 0.458530 0.281770 0.665192 0.224312 0.637817 0.084686 0.429528 0.127269
1 0.470269 0.333392 0.498911 0.460909 0.710780 0.424333 0.679386 0.283867 0.470269 0.333392
1 0.765809 0.683230 0.553503 0.724975 0.583034 0.867523 0.795778 0.820614 0.767873 0.692939 0.765809 0.683230
1 1.000000 0.681548 0.987464 0.627659 0.775409 0.677808 0.806019 0.821820 1.000000 0.785122 1.000000 0.681548
1 0.734322 0.470064 0.734527 0.481859 0.767686 0.627022 0.980773 0.581728 0.945505 0.430250 0.734322 0.470064
1 0.694731 0.287372 0.724694 0.424758 0.936655 0.381394 0.905217 0.244325 0.694731 0.287372
1 0.650747 0.076864 0.681655 0.225888 0.891709 0.188003 0.859378 0.035900 0.650747 0.076864