0 0.319444 0.791081 0.552383 0.886175 0.653733 0.914094 0.849905 0.725347 0.886348 0.671881 0.883922 0.274256 0.880380 0.223586 0.868748 0.208487 0.624955 0.139613 0.569570 0.133937 0.282792 0.297197 0.319444 0.791081
0 0.000000 0.236336 0.040203 0.699225 0.271037 0.794467 0.302606 0.792259 0.306595 0.728333 0.277856 0.317344 0.284233 0.287550 0.467222 0.182466 0.463347 0.096812 0.417822 0.080902 0.387362 0.038480 0.376841 0.039214 0.366206 0.068600 0.282798 0.055337 0.260645 0.040975 0.191637 0.052166 0.148661 0.042441 0.012970 0.128306 0.000000 0.156722 0.000000 0.236336
0 0.676077 0.000000 0.607900 0.016692 0.582091 0.040773 0.583639 0.123408 0.590395 0.129300 0.857563 0.199723 0.882041 0.217106 0.895986 0.658478 1.000000 0.568197 1.000000 0.512783 0.965120 0.013991 0.870117 0.000000 0.676077 0.000000
0 0.513473 0.000000 0.231516 0.017553 0.230297 0.030369 0.245470 0.035672 0.391017 0.060500 0.460356 0.084292 0.475197 0.175544 0.571233 0.127456 0.567358 0.041805 0.579875 0.009105 0.614700 0.000000 0.513473 0.000000
0 0.000000 0.116142 0.144009 0.036402 0.143123 0.023734 0.000000 0.033742 0.000000 0.116142
1 0.096919 0.602972 0.103119 0.691644 0.192506 0.729947 0.183980 0.638255 0.096919 0.602972
1 0.169370 0.187381 0.094383 0.173531 0.079759 0.206377 0.085627 0.380997 0.157291 0.407808 0.149984 0.242837 0.155967 0.207412 0.169370 0.187381
1 0.416488 0.303761 0.392119 0.318194 0.387355 0.340803 0.396433 0.531109 0.478842 0.560353 0.470761 0.354066 0.496128 0.323650 0.416488 0.303761
1 0.400639 0.651745 0.405398 0.750066 0.505752 0.793966 0.500548 0.689312 0.400639 0.651745
1 0.797734 0.735359 0.799066 0.633431 0.748445 0.665613 0.736370 0.704645 0.743789 0.780503 0.797734 0.735359
1 0.947828 0.492553 0.950375 0.559203 0.986928 0.537553 0.995680 0.511483 0.995459 0.447852 0.952150 0.463609 0.947828 0.492553
1 0.981952 0.254672 0.968886 0.067827 0.956702 0.075044 0.950941 0.113634 0.953373 0.269400 0.981952 0.254672
1 0.528583 0.334109 0.525923 0.356572 0.532680 0.362464 0.659397 0.359969 0.653637 0.338095 0.631927 0.330066 0.528583 0.334109
1 0.582194 0.314450 0.578427 0.321078 0.587289 0.326822 0.655964 0.341114 0.690191 0.316445 0.616864 0.296113 0.582194 0.314450
1 0.545531 0.243819 0.546417 0.256486 0.600361 0.271808 0.643006 0.246550 0.654305 0.226666 0.600141 0.208177 0.545531 0.243819
1 0.510308 0.224005 0.570455 0.207070 0.538998 0.180628 0.509091 0.176355 0.472317 0.194839 0.510308 0.224005
1 0.225641 0.145258 0.178011 0.189959 0.234058 0.205134 0.290106 0.159845 0.225641 0.145258
1 0.115984 0.089280 0.049966 0.112989 0.020169 0.140533 0.029695 0.155778 0.157297 0.165948 0.182442 0.132367 0.186542 0.100258 0.115984 0.089280
1 0.179564 0.091198 0.259427 0.053789 0.222100 0.034123 0.148328 0.067923 0.149214 0.080591 0.179564 0.091198
1 0.334858 0.073973 0.330538 0.102917 0.302181 0.120812 0.317578 0.129283 0.398991 0.114042 0.403313 0.085098 0.383264 0.070589 0.334858 0.073973
1 0.597598 0.020595 0.598262 0.030097 0.680228 0.053006 0.707588 0.051092 0.715120 0.037836 0.635037 0.011613 0.597598 0.020595
1 0.629384 0.142484 0.588733 0.135780 0.522273 0.153156 0.518728 0.162952 0.532242 0.174736 0.631156 0.167820 0.638909 0.157730 0.629384 0.142484
1 0.358120 0.043706 0.347266 0.009459 0.277816 0.014316 0.296867 0.044808 0.312041 0.050111 0.358120 0.043706