0 0.152808 0.332731 0.295769 0.319114 0.304369 0.301005 0.283247 0.136991 0.274858 0.132773 0.225106 0.136258 0.132055 0.147684 0.127192 0.156152 0.136202 0.245564 0.144595 0.321933 0.152808 0.332731
0 0.336989 0.302247 0.345344 0.322209 0.464231 0.312859 0.507848 0.307505 0.514969 0.301383 0.497566 0.135602 0.489034 0.122219 0.365159 0.122998 0.323480 0.128116 0.320238 0.133761 0.329072 0.229755 0.336989 0.302247
0 0.585533 0.307148 0.686816 0.298648 0.697811 0.292052 0.675720 0.128158 0.667666 0.118652 0.599850 0.111236 0.527981 0.110877 0.511503 0.112900 0.503891 0.123017 0.526759 0.301247 0.585533 0.307148
0 0.895991 0.359548 0.960458 0.347697 0.937663 0.210127 0.928037 0.179823 0.769620 0.171727 0.764756 0.180194 0.764547 0.202522 0.776431 0.307323 0.790833 0.368525 0.895991 0.359548
0 0.319095 0.509094 0.334780 0.500608 0.311067 0.339537 0.297073 0.313706 0.152491 0.330147 0.132453 0.335231 0.126463 0.342527 0.150934 0.525806 0.155605 0.531792 0.319095 0.509094
0 0.335591 0.499197 0.397748 0.508619 0.476578 0.501564 0.483698 0.495442 0.471123 0.336939 0.465994 0.319203 0.346472 0.323383 0.321588 0.329062 0.317694 0.337413 0.329033 0.469830 0.335591 0.499197
0 0.483917 0.320937 0.476288 0.338928 0.489600 0.455363 0.494553 0.479680 0.502766 0.490477 0.531511 0.492195 0.583217 0.480600 0.620350 0.486534 0.646044 0.479444 0.643909 0.421984 0.628641 0.313663 0.624128 0.308969 0.507514 0.312792 0.483917 0.320937
0 0.645136 0.303766 0.635108 0.310245 0.652616 0.428787 0.660919 0.472370 0.667352 0.484700 0.686244 0.486316 0.720662 0.478153 0.750286 0.446967 0.782692 0.398384 0.788242 0.371466 0.779973 0.312136 0.770808 0.293583 0.714766 0.293905 0.645136 0.303766
0 1.000000 0.546764 0.991834 0.475031 0.972072 0.354142 0.959805 0.350402 0.809248 0.366262 0.795327 0.381091 0.800864 0.434197 0.810330 0.463208 0.826005 0.606900 0.889961 0.606919 0.991577 0.593130 1.000000 0.587770 1.000000 0.546764
0 1.000000 0.597238 0.859753 0.609316 0.829372 0.618294 0.828384 0.626286 0.862464 0.847742 0.869848 0.867825 0.972911 0.857794 1.000000 0.851317 1.000000 0.597238
0 0.622970 0.692175 0.798234 0.677216 0.821991 0.670362 0.813631 0.578247 0.800584 0.488019 0.794311 0.476981 0.782044 0.473241 0.616456 0.494884 0.595114 0.505375 0.617981 0.683605 0.622970 0.692175
0 0.647583 0.884620 0.652888 0.895777 0.843995 0.873623 0.842741 0.868275 0.838147 0.858342 0.826536 0.763784 0.822786 0.705758 0.819241 0.672013 0.655925 0.688130 0.630072 0.693927 0.621331 0.702872 0.647583 0.884620
0 0.182967 0.722588 0.186509 0.727400 0.238675 0.727555 0.335444 0.714361 0.378586 0.705128 0.384578 0.697833 0.365253 0.524416 0.357373 0.508330 0.174180 0.530823 0.165773 0.534478 0.162848 0.542709 0.182967 0.722588
0 0.417641 0.718698 0.586947 0.695286 0.612166 0.684319 0.601252 0.579398 0.587853 0.502331 0.569453 0.496720 0.532145 0.497366 0.391281 0.512038 0.381413 0.519808 0.406078 0.688633 0.417641 0.718698
0 0.386941 0.725092 0.408170 0.914017 0.413969 0.921177 0.431892 0.922911 0.612830 0.898070 0.641608 0.884042 0.610686 0.696308 0.606016 0.690322 0.581148 0.688127 0.414908 0.712475 0.400545 0.707680 0.390359 0.712866 0.386941 0.725092
0 0.376670 0.801025 0.371248 0.747702 0.366331 0.716811 0.344913 0.716442 0.311530 0.719920 0.305745 0.727250 0.279684 0.733014 0.267525 0.727444 0.257008 0.724236 0.247216 0.726939 0.225597 0.734091 0.168538 0.736598 0.187358 0.782394 0.258914 0.852320 0.286092 0.905392 0.296991 0.930784 0.307872 0.936947 0.314903 0.930086 0.317320 0.922291 0.330945 0.926123 0.344039 0.920580 0.355653 0.927025 0.369223 0.925358 0.381030 0.917350 0.376670 0.801025
0 0.000000 0.528600 0.063891 0.522062 0.087209 0.523127 0.071908 0.343542 0.047967 0.344292 0.038927 0.342780 0.000806 0.344836 0.000000 0.345530 0.000000 0.528600
0 0.041100 0.753125 0.091978 0.750814 0.097828 0.734353 0.099887 0.679002 0.088955 0.581955 0.081745 0.555291 0.065444 0.550733 0.014706 0.562211 0.005806 0.569862 0.026578 0.747038 0.041100 0.753125
0 0.097878 0.045619 0.097844 0.061366 0.099730 0.084748 0.111169 0.097773 0.252842 0.081691 0.265127 0.077558 0.266764 0.066863 0.256841 0.026102 0.097878 0.045619
0 0.693438 0.000000 0.695664 0.018136 0.724867 0.031605 0.896906 0.014416 0.910317 0.011458 0.915339 0.004281 0.914298 0.000000 0.693438 0.000000
0 0.469419 0.000000 0.426464 0.005273 0.429905 0.057327 0.440548 0.063891 0.628414 0.047383 0.644575 0.042775 0.648152 0.031841 0.638811 0.000000 0.469419 0.000000
0 0.281922 0.078120 0.417286 0.066747 0.432812 0.056969 0.424527 0.005513 0.274288 0.023959 0.274659 0.075077 0.281922 0.078120