1 0.406320 0.656741 0.419283 0.761466 0.527922 0.792237 0.515320 0.690091 0.406320 0.656741
1 0.121298 0.724422 0.122386 0.732161 0.214778 0.753377 0.195845 0.656067 0.105533 0.637191 0.121298 0.724422
1 0.515639 0.324367 0.518319 0.362138 0.648392 0.358325 0.647255 0.319025 0.515639 0.324367
1 0.750039 0.663680 0.761647 0.771228 0.821494 0.716777 0.809884 0.609233 0.750039 0.663680
1 0.944942 0.435033 0.952339 0.531334 0.998483 0.510378 0.990044 0.412911 0.944942 0.435033
1 0.522995 0.245725 0.579695 0.281166 0.652567 0.219622 0.581712 0.201956 0.522995 0.245725
1 0.153795 0.213428 0.224291 0.228512 0.276352 0.168580 0.208664 0.160994 0.153795 0.213428
1 0.490125 0.149061 0.504791 0.178569 0.619978 0.162381 0.605628 0.128881 0.490125 0.149061
1 0.144725 0.123941 0.235114 0.080983 0.201897 0.056712 0.194658 0.055098 0.106669 0.096405 0.144725 0.123941
1 0.589109 0.000000 0.565834 0.026611 0.662211 0.051214 0.686634 0.025419 0.597372 0.000000 0.589109 0.000000
1 0.244737 0.030961 0.269586 0.064298 0.333875 0.053950 0.309209 0.021900 0.244737 0.030961
0 0.872875 0.694430 0.892211 0.669219 0.897706 0.657792 0.898473 0.635191 0.904663 0.634320 0.899042 0.628008 0.896389 0.603519 0.862252 0.203439 0.858909 0.190886 0.850195 0.185008 0.753398 0.164281 0.734505 0.164567 0.711211 0.156003 0.643331 0.150152 0.641131 0.145727 0.640073 0.149427 0.624678 0.140934 0.609042 0.141948 0.600938 0.134802 0.576139 0.132367 0.573697 0.137447 0.551545 0.137008 0.542303 0.144225 0.512905 0.148356 0.508916 0.153655 0.492995 0.158258 0.447398 0.193080 0.429483 0.200333 0.284748 0.298809 0.270908 0.312592 0.272055 0.343211 0.335075 0.797241 0.343344 0.805550 0.579780 0.882419 0.598837 0.883292 0.601811 0.887611 0.631741 0.892875 0.633941 0.897300 0.667619 0.906775 0.678450 0.905252 0.715211 0.869305 0.779244 0.791642 0.789586 0.786637 0.792922 0.776698 0.810631 0.762370 0.849630 0.714270 0.872875 0.694430
0 0.000000 0.394241 0.018983 0.518473 0.056130 0.732264 0.089034 0.741847 0.113591 0.753784 0.154069 0.761120 0.161236 0.767214 0.187298 0.773023 0.194466 0.779119 0.203912 0.778975 0.210308 0.785180 0.232175 0.789209 0.259989 0.801873 0.272531 0.801295 0.300019 0.811638 0.325550 0.808050 0.331208 0.797784 0.324759 0.740681 0.287728 0.499645 0.288581 0.488870 0.284097 0.468192 0.285602 0.462059 0.271650 0.351555 0.266555 0.332145 0.260934 0.325833 0.258855 0.316653 0.261297 0.311575 0.269808 0.310378 0.272697 0.302869 0.280880 0.299352 0.283159 0.293112 0.294111 0.286837 0.298306 0.288616 0.299200 0.283755 0.308158 0.280128 0.311984 0.273670 0.355181 0.249842 0.367192 0.239867 0.369470 0.233628 0.385391 0.229023 0.388606 0.223836 0.399111 0.219991 0.400006 0.215130 0.414216 0.209581 0.413562 0.204937 0.422520 0.201311 0.426956 0.193586 0.443650 0.188870 0.446987 0.178931 0.437930 0.103255 0.426283 0.098970 0.423920 0.093384 0.381122 0.086375 0.374975 0.093159 0.369191 0.085686 0.364548 0.086337 0.359502 0.095334 0.363859 0.098273 0.366548 0.106183 0.356981 0.111078 0.358123 0.119205 0.352992 0.116375 0.350877 0.123775 0.316836 0.128559 0.310362 0.133020 0.305231 0.130191 0.305147 0.118364 0.317645 0.111872 0.324077 0.101497 0.323056 0.088617 0.329245 0.087748 0.328103 0.079622 0.321303 0.081761 0.305298 0.074539 0.280827 0.074427 0.245928 0.067494 0.235870 0.068906 0.237133 0.072281 0.229603 0.080442 0.216408 0.076377 0.212134 0.085264 0.205741 0.079061 0.207777 0.082325 0.204441 0.092266 0.195809 0.098214 0.184489 0.096253 0.174027 0.106011 0.161975 0.110073 0.158191 0.122444 0.131802 0.114312 0.129197 0.118231 0.115272 0.120188 0.112056 0.125375 0.086931 0.120619 0.082331 0.127184 0.078300 0.126567 0.077809 0.123084 0.072884 0.127328 0.054316 0.129937 0.051875 0.135017 0.048900 0.130700 0.047438 0.142744 0.037870 0.147641 0.023455 0.146114 0.012219 0.155980 0.012261 0.161892 0.000000 0.169153 0.000000 0.394241
0 0.631542 0.000000 0.583322 0.031914 0.553312 0.037316 0.548472 0.053386 0.556955 0.113753 0.559034 0.122933 0.564166 0.125764 0.604927 0.129505 0.611158 0.134548 0.627731 0.134587 0.640316 0.139922 0.647888 0.137673 0.655219 0.144930 0.696755 0.148564 0.707017 0.154225 0.818675 0.174047 0.856547 0.185298 0.863963 0.204381 0.902953 0.633377 0.918589 0.632362 0.920705 0.624964 0.954492 0.584700 1.000000 0.541598 1.000000 0.470650 0.938805 0.035227 0.933855 0.000000 0.631542 0.000000
0 0.452119 0.181762 0.523489 0.133847 0.545883 0.124781 0.548325 0.119703 0.541309 0.069783 0.534952 0.046998 0.486695 0.034839 0.485306 0.013725 0.473253 0.017788 0.437623 0.016875 0.400241 0.009106 0.313592 0.021284 0.182820 0.040106 0.200095 0.058206 0.360106 0.071572 0.375622 0.075311 0.379695 0.081841 0.423878 0.087470 0.438661 0.097231 0.452119 0.181762