1 0.313388 0.142630 0.313388 0.238603 0.491831 0.287923 0.493608 0.182617 0.313388 0.142630
1 0.656072 0.319916 0.711116 0.281258 0.704012 0.181284 0.653409 0.211942 0.537997 0.190616 0.532670 0.298586 0.656072 0.319916
1 0.363103 0.391895 0.363103 0.410558 0.358666 0.669155 0.416372 0.681152 0.427025 0.403892 0.371094 0.391895 0.363103 0.391895
1 0.534447 0.901092 0.364880 0.851773 0.363103 0.851773 0.360441 0.921087 0.532670 0.977073 0.534447 0.901092
1 0.649858 0.933084 0.577059 0.922420 0.575284 0.991736 0.631216 0.998534 0.659623 0.998534 0.670278 0.995734 0.686256 0.987736 0.707564 0.951747 0.702238 0.883764 0.649858 0.933084
1 0.708452 0.355905 0.710228 0.475872 0.999023 0.503866 0.996094 0.381231 0.708452 0.355905
1 0.261897 0.227941 0.273438 0.138630 0.158025 0.109303 0.158025 0.178619 0.261897 0.227941
1 0.377308 0.142630 0.418147 0.097308 0.246803 0.090642 0.228161 0.110638 0.377308 0.142630
1 0.465200 0.107970 0.442116 0.147961 0.624113 0.189283 0.642756 0.159958 0.465200 0.107970
1 0.761719 0.130631 0.763494 0.213277 0.789241 0.199947 0.784800 0.105305 0.643644 0.062650 0.631216 0.082645 0.761719 0.130631
1 0.607244 0.053320 0.448331 0.027992 0.443003 0.033323 0.433237 0.054653 0.589487 0.075980 0.607244 0.053320
1 0.320491 0.909091 0.321378 0.838442 0.189986 0.779792 0.181997 0.861105 0.320491 0.909091
1 0.716441 0.179952 0.719994 0.277259 0.791016 0.203945 0.783913 0.111970 0.716441 0.179952
1 0.800781 0.098641 0.799006 0.177286 0.867366 0.087977 0.864702 0.045322 0.800781 0.098641
1 0.826527 0.219941 0.781250 0.214609 0.709341 0.351906 0.767934 0.366569 0.826527 0.219941
1 0.805220 0.179952 0.844283 0.175953 0.886897 0.099973 0.848722 0.098641 0.805220 0.179952
1 0.033736 0.726473 0.014205 0.758464 0.138494 0.814450 0.168678 0.782458 0.033736 0.726473
1 0.051491 0.666488 0.009766 0.697148 0.000000 0.718475 0.016869 0.731805 0.107422 0.657158 0.087891 0.638497 0.051491 0.666488
0 0.291992 0.898827 0.426758 0.948680 0.601562 0.998534 0.676758 0.995602 0.698242 0.963344 0.703125 0.966275 0.717773 0.931084 0.713867 0.755131 0.717773 0.689150 0.712891 0.664223 0.715820 0.634897 0.711914 0.633431 0.710938 0.615836 0.709961 0.494134 0.711914 0.432552 0.717773 0.414956 0.711914 0.406158 0.709961 0.350441 0.743164 0.268328 0.795898 0.184750 0.802734 0.158358 0.799805 0.152492 0.802734 0.142228 0.800781 0.109970 0.827148 0.108505 0.831055 0.114369 0.837891 0.102639 0.858398 0.090909 0.860352 0.048387 0.856445 0.041056 0.649414 0.002933 0.501953 0.000000 0.454102 0.017595 0.442383 0.010264 0.433398 0.017595 0.375977 0.019061 0.375000 0.029325 0.318359 0.039589 0.158203 0.109970 0.170898 0.304986 0.185547 0.687683 0.185547 0.803519 0.181641 0.809384 0.186523 0.819648 0.187500 0.859238 0.246094 0.887097 0.291992 0.898827
0 0.999023 0.997067 0.999023 0.099706 0.861328 0.098241 0.845703 0.102639 0.749023 0.266863 0.713867 0.344575 0.710938 0.353372 0.712891 0.592375 0.715820 0.684750 0.719727 0.696481 0.715820 0.705278 0.716797 0.791789 0.726562 0.998534 0.999023 0.997067
0 0.000000 0.998534 0.061523 0.998534 0.085938 0.972141 0.111328 0.956012 0.132812 0.917889 0.181641 0.862170 0.182617 0.835777 0.176758 0.828445 0.008789 0.763930 0.000000 0.763930 0.000000 0.998534
0 0.000000 0.758064 0.110352 0.803519 0.181641 0.825512 0.178711 0.604106 0.173828 0.598241 0.169922 0.579178 0.126953 0.579178 0.124023 0.585044 0.104492 0.585044 0.068359 0.577712 0.005859 0.576247 0.000000 0.577712 0.000000 0.758064