1 0.419122 0.105036 0.392667 0.197291 0.550605 0.293887 0.581339 0.193152 0.419122 0.105036
1 0.621803 0.213075 0.586922 0.315394 0.699666 0.369911 0.763230 0.347922 0.783959 0.249864 0.726866 0.265386 0.621803 0.213075
1 0.456342 0.387500 0.405884 0.360552 0.398205 0.358350 0.393061 0.376287 0.317514 0.623645 0.369680 0.651083 0.456342 0.387500
1 0.273152 0.800902 0.271445 0.800412 0.249778 0.866308 0.399906 0.967598 0.422555 0.895050 0.273152 0.800902
1 0.565964 1.000000 0.575005 0.991459 0.588623 0.924641 0.524678 0.957616 0.457639 0.927297 0.436827 0.993437 0.452339 1.000000 0.565964 1.000000
1 1.000000 0.518880 0.740094 0.418944 0.708734 0.534753 0.978627 0.641264 0.992170 0.589384 1.000000 0.552552 1.000000 0.518880
1 0.346111 0.172850 0.381822 0.090178 0.278964 0.030177 0.259858 0.096808 0.346111 0.172850
1 0.480566 0.122655 0.532314 0.090347 0.369447 0.036709 0.346014 0.050792 0.480566 0.122655
1 0.574606 0.113566 0.541394 0.145642 0.704950 0.235530 0.730955 0.212478 0.574606 0.113566
1 0.758630 0.119184 0.741170 0.134981 0.853392 0.217081 0.832319 0.297014 0.860741 0.291297 0.882561 0.199097 0.758630 0.119184
1 0.580436 0.032034 0.573845 0.035692 0.558580 0.053502 0.702897 0.117072 0.726213 0.100184 0.580436 0.032034
1 0.214683 0.843763 0.235011 0.776097 0.124873 0.683502 0.094781 0.759462 0.214683 0.843763
1 0.796273 0.252009 0.772867 0.346527 0.861345 0.295630 0.879870 0.205259 0.796273 0.252009
1 0.899758 0.197095 0.876375 0.272205 0.966703 0.205197 0.975902 0.163459 0.899758 0.197095
1 0.891072 0.320794 0.849020 0.303187 0.742052 0.415345 0.794333 0.445591 0.891072 0.320794
1 0.881614 0.276480 0.920266 0.283403 0.982170 0.222112 0.945844 0.210309 0.881614 0.276480
1 0.000000 0.646903 0.065823 0.702625 0.103658 0.680191 0.000000 0.597644 0.000000 0.646903
1 0.000000 0.577347 0.079311 0.542861 0.065680 0.519539 0.022975 0.536414 0.000000 0.544916 0.000000 0.577347
0 0.570087 1.000000 0.590514 0.974413 0.635258 0.804198 0.657200 0.741848 0.659378 0.716542 0.670277 0.689159 0.666927 0.686675 0.670837 0.669491 0.703445 0.552236 0.722297 0.493577 0.732778 0.478277 0.729572 0.468205 0.743053 0.414106 0.797602 0.344328 0.871331 0.278523 0.885175 0.255037 0.883977 0.248592 0.889622 0.239533 0.896637 0.207986 0.922386 0.213844 0.924525 0.220559 0.934328 0.211167 0.957275 0.205545 0.970873 0.165208 0.969139 0.157083 0.780636 0.063372 0.639695 0.019908 0.588848 0.023631 0.579605 0.013353 0.568947 0.017925 0.513345 0.003506 0.509578 0.013105 0.452303 0.007358 0.278950 0.030867 0.237400 0.221827 0.145995 0.593738 0.114067 0.705087 0.108695 0.709648 0.110559 0.720861 0.100586 0.759184 0.149231 0.802116 0.190119 0.826042 0.305922 0.911111 0.448630 1.000000 0.570087 1.000000
0 1.000000 0.225906 0.958072 0.213398 0.941839 0.213320 0.803638 0.344534 0.748423 0.409545 0.743181 0.417195 0.679181 0.647478 0.656534 0.737083 0.657058 0.749434 0.650878 0.756814 0.627970 0.840244 0.590219 1.000000 0.875761 1.000000 0.988355 0.607341 1.000000 0.552552 1.000000 0.225906
0 0.000000 0.831419 0.000691 0.831214 0.031852 0.800489 0.094147 0.760387 0.102359 0.735287 0.098748 0.726625 0.000000 0.652181 0.000000 0.831419
0 0.000000 0.651256 0.041784 0.684359 0.104250 0.725152 0.162461 0.511514 0.159386 0.504530 0.160884 0.485130 0.119580 0.473286 0.115147 0.478116 0.096372 0.472733 0.063661 0.455727 0.003984 0.437089 0.002214 0.437028 0.000000 0.447448 0.000000 0.651256