0 0.588717 0.501856 0.418850 0.498891 0.414580 0.743539 0.584447 0.746505 0.588717 0.501856
0 0.945452 0.628775 0.735241 0.625106 0.731270 0.852567 0.941481 0.856236 0.945452 0.628775
0 0.764731 0.376123 0.667812 0.374433 0.666534 0.447628 0.763455 0.449319 0.764731 0.376123
0 0.206736 0.570295 0.165159 0.546139 0.150773 0.586891 0.153422 0.603045 0.147206 0.623437 0.207330 0.592270 0.212391 0.582109 0.206736 0.570295
0 0.025148 0.565661 0.022041 0.575858 0.027772 0.583280 0.035966 0.561456 0.025148 0.565661
0 0.241152 0.669008 0.248836 0.676464 0.328441 0.704211 0.372119 0.663972 0.392133 0.636498 0.380697 0.620191 0.311678 0.601414 0.287963 0.617108 0.280822 0.634556 0.257158 0.647322 0.242205 0.664633 0.241152 0.669008
0 0.220278 0.577853 0.224031 0.586705 0.285984 0.618537 0.324422 0.598708 0.325502 0.592869 0.320645 0.591320 0.317970 0.576630 0.324417 0.543063 0.287773 0.516064 0.278034 0.514430 0.261078 0.534634 0.255914 0.550653 0.220278 0.577853
0 0.393672 0.604309 0.405311 0.608906 0.415383 0.591509 0.419231 0.538859 0.335413 0.528611 0.326472 0.537241 0.321053 0.567897 0.319745 0.586911 0.332158 0.603236 0.393672 0.604309
0 0.568245 0.619072 0.572636 0.591325 0.583402 0.590048 0.588253 0.535953 0.584936 0.502214 0.580105 0.499202 0.534914 0.570166 0.533125 0.672639 0.536928 0.678564 0.568245 0.619072
0 0.601228 0.520072 0.589255 0.534506 0.589234 0.591616 0.594245 0.584381 0.629370 0.586458 0.714911 0.609917 0.722492 0.623228 0.719052 0.652455 0.774856 0.588998 0.768175 0.580095 0.720559 0.566084 0.681912 0.541981 0.615000 0.514455 0.601228 0.520072
0 0.671970 0.831748 0.713302 0.702142 0.720642 0.617339 0.609995 0.577334 0.592369 0.579955 0.535952 0.678547 0.526705 0.704744 0.524450 0.777922 0.527227 0.786756 0.671970 0.831748
0 0.440855 0.419161 0.467167 0.422548 0.464922 0.327327 0.418723 0.344092 0.418602 0.407058 0.440855 0.419161
0 0.569077 0.459472 0.626373 0.422398 0.633484 0.350770 0.632348 0.303891 0.528256 0.280108 0.492927 0.289742 0.467258 0.305402 0.465214 0.422514 0.470995 0.427008 0.569077 0.459472
0 0.145856 0.476978 0.076428 0.481623 0.002416 0.637017 0.059094 0.605003 0.153659 0.593914 0.164214 0.600305 0.185812 0.482069 0.145856 0.476978
0 0.000000 0.727611 0.111242 0.725314 0.151495 0.601547 0.148075 0.573664 0.141266 0.572081 0.139159 0.580830 0.120633 0.579042 0.103855 0.589000 0.093114 0.588812 0.077287 0.600252 0.054780 0.602788 0.036667 0.633222 0.014266 0.685548 0.000000 0.708400 0.000000 0.727611