0 0.833333 0.749206 0.873417 0.698412 0.898734 0.301588 0.898734 0.250794 0.888186 0.234920 0.649789 0.149206 0.594936 0.139683 0.297469 0.282539 0.299578 0.777778 0.525317 0.888889 0.624472 0.923809 0.833333 0.749206
0 0.291139 0.714286 0.291139 0.302292 0.299578 0.273016 0.489452 0.180953 0.491561 0.095238 0.447258 0.076191 0.419831 0.031745 0.409283 0.031745 0.396625 0.060317 0.314345 0.041270 0.293248 0.025397 0.223628 0.031745 0.181434 0.019047 0.040084 0.095238 0.021097 0.130159 0.018987 0.165080 0.027427 0.666667 0.251055 0.777778 0.282700 0.777778 0.291139 0.714286
0 0.729958 0.000000 0.715191 0.012698 0.641350 0.025397 0.613923 0.047619 0.609705 0.130159 0.616034 0.136508 0.877637 0.225397 0.900844 0.244444 0.883966 0.685714 0.997891 0.600000 0.997891 0.047619 0.896625 0.025397 0.841772 0.000000 0.729958 0.000000
0 0.489452 0.082539 0.497891 0.174603 0.597047 0.133333 0.599156 0.047619 0.613923 0.015873 0.681434 0.003175 0.265823 0.000000 0.263713 0.012698 0.278481 0.019047 0.421941 0.053969 0.489452 0.082539
0 0.000000 0.000000 0.000000 0.095238 0.177216 0.012698 0.177216 0.000000 0.000000 0.000000
1 0.090717 0.574603 0.090717 0.663492 0.177216 0.707936 0.175106 0.615873 0.090717 0.574603
1 0.177216 0.184127 0.191983 0.165080 0.118144 0.146031 0.101266 0.177778 0.094936 0.352381 0.164556 0.384127 0.168777 0.219047 0.177216 0.184127
1 0.508439 0.323809 0.430380 0.298413 0.405064 0.311111 0.398734 0.333333 0.394514 0.523809 0.474683 0.558730 0.481013 0.352381 0.508439 0.323809
1 0.390295 0.644444 0.388186 0.742858 0.485233 0.793652 0.487342 0.688889 0.390295 0.644444
1 0.736287 0.682539 0.721519 0.720634 0.723628 0.796825 0.780591 0.755556 0.789030 0.653969 0.736287 0.682539
1 0.997891 0.482539 0.953586 0.495237 0.947258 0.523809 0.945148 0.590477 0.983122 0.571428 0.993670 0.546031 0.997891 0.482539
1 0.985233 0.107936 0.976794 0.146031 0.968355 0.301588 0.997891 0.288889 0.997891 0.101588 0.985233 0.107936
1 0.664556 0.349206 0.643459 0.339683 0.540084 0.336508 0.535866 0.358730 0.542194 0.365080 0.668777 0.371428 0.664556 0.349206
1 0.702531 0.330159 0.630802 0.304762 0.594936 0.320634 0.590717 0.326984 0.599156 0.333333 0.666667 0.352381 0.702531 0.330159
1 0.672995 0.238095 0.620253 0.215873 0.563291 0.247619 0.563291 0.260317 0.616034 0.279366 0.660338 0.257142 0.672995 0.238095
1 0.561181 0.184127 0.531645 0.177778 0.493670 0.193652 0.529536 0.225397 0.590717 0.212698 0.561181 0.184127
1 0.251055 0.126984 0.200422 0.168255 0.255275 0.187302 0.314345 0.146031 0.251055 0.126984
1 0.215191 0.079366 0.145570 0.063492 0.078059 0.082539 0.046414 0.107936 0.054852 0.123809 0.181434 0.142858 0.208861 0.111111 0.215191 0.079366
1 0.255275 0.015873 0.179325 0.044444 0.179325 0.057142 0.208861 0.069841 0.291139 0.038095 0.255275 0.015873
1 0.413502 0.063492 0.364978 0.063492 0.358650 0.092064 0.329114 0.107936 0.343881 0.117461 0.426161 0.107936 0.432489 0.079366 0.413502 0.063492
1 0.746836 0.053969 0.668777 0.022222 0.630802 0.028572 0.630802 0.038095 0.710970 0.066667 0.738397 0.066667 0.746836 0.053969
1 0.662447 0.168255 0.654008 0.152381 0.613923 0.142858 0.546414 0.155556 0.542194 0.165080 0.554852 0.177778 0.654008 0.177778 0.662447 0.168255
1 0.312236 0.000000 0.329114 0.031745 0.343881 0.038095 0.390295 0.034920 0.381856 0.000000 0.312236 0.000000