0 0.169445 0.777313 0.174978 0.679333 0.156923 0.652270 0.106717 0.639189 0.003802 0.684683 0.007889 0.809430 0.050848 0.848687 0.130177 0.813700 0.169445 0.777313
0 0.176691 0.690720 0.170894 0.735828 0.175377 0.849261 0.283302 0.841702 0.285803 0.770047 0.303461 0.748009 0.333111 0.745269 0.342203 0.726706 0.339039 0.696389 0.311762 0.691661 0.271042 0.648703 0.201333 0.650045 0.176691 0.690720
0 0.228873 0.647231 0.260895 0.637022 0.270644 0.478775 0.283820 0.464131 0.279470 0.407342 0.183011 0.388869 0.130302 0.447444 0.122527 0.488706 0.135048 0.613748 0.228873 0.647231
0 0.214114 0.646716 0.193820 0.623352 0.135180 0.609977 0.133862 0.647689 0.150598 0.652050 0.176559 0.694491 0.199223 0.649972 0.214114 0.646716
0 0.403342 0.487184 0.345359 0.454953 0.270906 0.471233 0.263395 0.504953 0.273019 0.652548 0.319933 0.699497 0.401237 0.668353 0.403342 0.487184
0 0.350900 0.719458 0.330739 0.752738 0.327184 0.914977 0.398212 0.936336 0.422194 0.854105 0.426934 0.718337 0.350900 0.719458
0 0.313347 0.888062 0.328106 0.888577 0.335352 0.741570 0.297136 0.747788 0.291734 0.841997 0.313347 0.888062
0 0.507319 0.713594 0.499280 0.701984 0.448283 0.711531 0.443408 0.730241 0.460673 0.900758 0.524453 0.887883 0.524714 0.819925 0.507319 0.713594
0 0.701556 0.712825 0.695758 0.697519 0.557128 0.677573 0.546455 0.680977 0.539208 0.707155 0.530778 0.888103 0.646083 0.911009 0.690623 0.905012 0.701556 0.712825
0 0.849672 0.702894 0.850597 0.797322 0.858503 0.812702 0.907525 0.859725 0.986195 0.843592 0.994097 0.617316 0.915558 0.569263 0.820416 0.573491 0.809214 0.591980 0.806448 0.671177 0.849672 0.702894
0 0.821213 0.852934 0.833859 0.732548 0.710780 0.690491 0.697734 0.701362 0.694970 0.840975 0.783920 0.893167 0.798811 0.889911 0.821213 0.852934
0 0.854020 0.699269 0.812511 0.678941 0.765731 0.688634 0.754925 0.695808 0.831752 0.732475 0.828722 0.819214 0.844139 0.800873 0.854020 0.699269
0 0.802494 0.542658 0.790238 0.530903 0.671770 0.538094 0.668744 0.685247 0.761381 0.692258 0.801969 0.678572 0.808423 0.554194 0.802494 0.542658
0 0.621038 0.540097 0.530244 0.540703 0.536439 0.665523 0.548695 0.677280 0.639225 0.684216 0.646338 0.540981 0.621038 0.540097
0 0.408219 0.528891 0.407561 0.608161 0.482675 0.633439 0.515222 0.608144 0.521017 0.442208 0.397147 0.422778 0.360645 0.440383 0.359855 0.463011 0.399256 0.483266 0.408219 0.528891
0 0.349708 0.451330 0.431145 0.416414 0.432856 0.306973 0.425213 0.284052 0.306745 0.291242 0.298842 0.396691 0.302136 0.423236 0.316238 0.442608 0.349708 0.451330
0 0.459473 0.270144 0.552377 0.269612 0.549473 0.110923 0.460920 0.107831 0.453939 0.247295 0.459473 0.270144
0 0.593355 0.123784 0.569636 0.138059 0.561994 0.175552 0.556592 0.269759 0.664122 0.273514 0.670445 0.152906 0.664909 0.130058 0.593355 0.123784
0 0.681652 0.436489 0.693908 0.448245 0.738711 0.434706 0.743847 0.287627 0.625908 0.279731 0.620639 0.370169 0.664783 0.375486 0.682969 0.398777 0.681652 0.436489
0 0.687978 0.497125 0.774028 0.511458 0.782858 0.500437 0.790894 0.391217 0.738447 0.381834 0.731594 0.396698 0.734758 0.427016 0.723689 0.441733 0.683497 0.444106 0.680072 0.481745 0.687978 0.497125
0 0.499402 0.275314 0.496506 0.418697 0.513373 0.419286 0.536170 0.370995 0.603770 0.369580 0.604955 0.275223 0.499402 0.275314
0 0.521542 0.366708 0.517064 0.434517 0.527872 0.548172 0.676119 0.534469 0.683495 0.383692 0.660698 0.371567 0.521542 0.366708
0 0.505991 0.267992 0.427980 0.265269 0.431277 0.412642 0.498614 0.418770 0.505991 0.267992
0 0.179189 0.377408 0.180506 0.400109 0.263527 0.410561 0.281844 0.460288 0.298975 0.453333 0.297523 0.373989 0.179189 0.377408
0 0.449203 0.624719 0.407430 0.611931 0.406378 0.702516 0.422323 0.729505 0.421798 0.865417 0.445781 0.843600 0.444594 0.756714 0.469630 0.704725 0.503497 0.702131 0.517072 0.797003 0.525505 0.797297 0.529059 0.635059 0.510611 0.619311 0.449203 0.624719
1 0.354720 0.670505 0.391353 0.649130 0.384633 0.599808 0.357355 0.595080 0.350634 0.606172 0.354720 0.670505