1 0.446811 0.196577 0.368641 0.227898 0.488292 0.396898 0.576705 0.359914 0.446811 0.196577
1 0.612273 0.410709 0.530391 0.445814 0.585431 0.511345 0.578848 0.602080 0.662420 0.575983 0.672267 0.484309 0.612273 0.410709
1 0.381989 0.684530 0.378219 0.737834 0.581381 0.654927 0.576878 0.604683 0.381989 0.684530
1 0.662420 0.575983 0.657808 0.624783 0.849883 0.543033 0.844930 0.495631 0.662420 0.575983
1 0.557856 0.665767 0.550203 0.674753 0.548909 0.712425 0.740086 0.636359 0.737947 0.590861 0.557856 0.665767
1 0.303648 0.667752 0.296897 0.710386 0.366006 0.785430 0.473722 0.754417 0.474453 0.700633 0.370620 0.736631 0.303648 0.667752
1 0.655098 0.327172 0.588691 0.353073 0.660280 0.451817 0.674014 0.522462 0.761075 0.494005 0.755953 0.437836 0.655098 0.327172
1 0.678228 0.269648 0.722241 0.326150 0.854605 0.277191 0.799339 0.213078 0.678228 0.269648
1 0.608895 0.274692 0.489919 0.140762 0.417883 0.162859 0.526166 0.305292 0.608895 0.274692
1 0.226202 0.330623 0.266669 0.399673 0.455144 0.340661 0.459081 0.335459 0.411637 0.271128 0.237289 0.329466 0.226202 0.330623
1 0.233295 0.423523 0.221084 0.510453 0.262506 0.563631 0.267683 0.491611 0.360205 0.458192 0.318445 0.387480 0.312534 0.395284 0.233295 0.423523
1 0.205720 0.499280 0.202062 0.532206 0.315298 0.682709 0.331169 0.641519 0.205720 0.499280
1 0.739909 0.234259 0.702877 0.173034 0.501066 0.247416 0.539392 0.310302 0.739909 0.234259
1 0.167227 0.466961 0.156363 0.466697 0.155914 0.508873 0.261777 0.656750 0.270669 0.620281 0.167227 0.466961
0 0.345972 0.833245 0.359367 0.847022 0.388744 0.838562 0.852869 0.632369 0.946736 0.374091 0.933144 0.356641 0.673048 0.086002 0.662748 0.082186 0.141473 0.250920 0.127320 0.256689 0.123466 0.266277 0.120764 0.283331 0.155520 0.540858 0.211380 0.635658 0.250269 0.694989 0.254602 0.697131 0.262116 0.713617 0.345972 0.833245