1 0.265467 0.172078 0.278825 0.267117 0.462397 0.291125 0.449500 0.186595 0.265467 0.172078
1 0.657670 0.155994 0.611827 0.193395 0.494569 0.188339 0.504322 0.296000 0.629491 0.299947 0.678617 0.254005 0.657670 0.155994
1 0.383583 0.687180 0.442397 0.691027 0.414359 0.414984 0.357303 0.410888 0.349391 0.412000 0.351988 0.430480 0.383583 0.687180
1 0.420403 0.936412 0.598748 0.967883 0.589933 0.892395 0.415152 0.867155 0.413394 0.867402 0.420403 0.936412
1 0.753678 0.851883 0.708673 0.908014 0.635100 0.907586 0.642988 0.976473 0.699320 0.975420 0.727453 0.971467 0.737613 0.967212 0.752323 0.957067 0.768414 0.918463 0.753678 0.851883
1 0.686369 0.328295 0.704823 0.446850 0.994705 0.434377 0.974736 0.313345 0.686369 0.328295
1 0.226350 0.263725 0.225350 0.173677 0.106980 0.160700 0.116627 0.229341 0.226350 0.263725
1 0.328766 0.163183 0.362898 0.112619 0.192297 0.129864 0.176617 0.152259 0.328766 0.163183
1 0.410978 0.116630 0.393684 0.159442 0.579661 0.175034 0.594042 0.143398 0.410978 0.116630
1 0.744666 0.162612 0.727098 0.069509 0.581378 0.046914 0.571853 0.068445 0.707766 0.097803 0.721025 0.179397 0.744666 0.162612
1 0.371908 0.068278 0.529605 0.067652 0.544034 0.042741 0.383144 0.039777 0.378609 0.045798 0.371908 0.068278
1 0.379172 0.930092 0.370219 0.860008 0.231942 0.820214 0.235347 0.901847 0.379172 0.930092
1 0.669792 0.152944 0.686853 0.248809 0.746981 0.166325 0.727147 0.076234 0.669792 0.152944
1 0.796958 0.000000 0.741995 0.060686 0.751183 0.138813 0.806447 0.040859 0.798081 0.000000 0.796958 0.000000
1 0.784373 0.177223 0.738794 0.178245 0.686692 0.324213 0.746756 0.330578 0.784373 0.177223
1 0.757708 0.140588 0.795833 0.131192 0.827458 0.050020 0.789470 0.054014 0.757708 0.140588
1 0.069792 0.789161 0.054903 0.823559 0.185775 0.861702 0.211214 0.825820 0.069792 0.789161
1 0.035272 0.785936 0.053831 0.796787 0.133114 0.710266 0.111177 0.694503 0.079027 0.727289 0.041975 0.763456 0.035272 0.785936
0 0.470531 0.000000 0.432347 0.004594 0.387411 0.028678 0.374786 0.023048 0.366909 0.031559 0.310250 0.041003 0.310711 0.051303 0.256050 0.069350 0.107248 0.161336 0.146961 0.352686 0.214728 0.729620 0.230848 0.844328 0.227797 0.850680 0.234061 0.860164 0.240537 0.899233 0.302438 0.918667 0.349522 0.923895 0.489914 0.954508 0.669956 0.979547 0.744012 0.966178 0.760798 0.931244 0.766041 0.933469 0.775650 0.896581 0.747294 0.722884 0.741978 0.657000 0.733673 0.632995 0.732494 0.603548 0.728422 0.602639 0.725006 0.585352 0.707102 0.464970 0.700464 0.403716 0.703819 0.385475 0.696792 0.377578 0.687103 0.322675 0.708555 0.236741 0.749145 0.146638 0.752241 0.119550 0.748523 0.114150 0.749995 0.103578 0.743572 0.071906 0.769480 0.066784 0.774164 0.072048 0.779300 0.059481 0.797977 0.045011 0.793992 0.002631 0.792078 0.000000 0.470531 0.000000
0 1.000000 0.472053 0.938456 0.034152 0.801897 0.051862 0.787038 0.058394 0.714153 0.234473 0.690155 0.316323 0.688478 0.325442 0.723675 0.561848 0.739433 0.652916 0.744933 0.663989 0.742289 0.673244 0.755297 0.758777 0.793741 0.962150 1.000000 0.932030 1.000000 0.472053
0 0.180797 1.000000 0.194545 0.964925 0.235144 0.902953 0.232437 0.876681 0.225614 0.870236 0.050302 0.829725 0.041598 0.830947 0.065356 1.000000 0.180797 1.000000
0 0.040781 0.825139 0.156386 0.854794 0.230042 0.866653 0.196327 0.647808 0.190675 0.642678 0.184153 0.624347 0.141603 0.630327 0.139519 0.636542 0.120177 0.639261 0.083375 0.637030 0.021280 0.644275 0.015681 0.646542 0.040781 0.825139