0 0.000000 0.448161 0.059072 0.434783 0.183544 0.377927 0.175106 0.063545 0.168777 0.053511 0.107595 0.053511 0.006330 0.073578 0.000000 0.080267 0.000000 0.448161
0 0.449367 0.311037 0.449367 0.150502 0.400844 0.143813 0.286920 0.180602 0.284809 0.324414 0.293248 0.408027 0.314345 0.371237 0.449367 0.311037
0 0.000000 0.702341 0.318566 0.876255 0.348102 0.862877 0.502109 0.729097 0.506330 0.642141 0.497891 0.625419 0.350211 0.571906 0.301687 0.522575 0.295359 0.414716 0.223628 0.391305 0.170886 0.391305 0.037975 0.451505 0.000000 0.454850 0.000000 0.702341
0 0.871308 0.652173 0.883966 0.488294 0.881856 0.367894 0.871308 0.347827 0.649789 0.301003 0.592827 0.344481 0.563291 0.344481 0.521097 0.371237 0.514767 0.438127 0.516878 0.722408 0.759494 0.822742 0.848102 0.709030 0.871308 0.652173
0 0.521097 0.371237 0.559072 0.344481 0.440928 0.317725 0.318566 0.374581 0.303797 0.394648 0.303797 0.518395 0.312236 0.551839 0.508439 0.625419 0.521097 0.371237
0 0.137131 0.000000 0.139241 0.043478 0.168777 0.046823 0.179325 0.063545 0.185655 0.307692 0.194092 0.311037 0.189873 0.374581 0.282700 0.404683 0.282700 0.204014 0.293248 0.173912 0.405064 0.137123 0.407173 0.070234 0.392405 0.063545 0.379747 0.036789 0.386077 0.000000 0.137131 0.000000
0 0.021097 0.000000 0.023206 0.056856 0.128692 0.046823 0.137131 0.040134 0.135022 0.000000 0.021097 0.000000
0 0.651898 0.043478 0.559072 0.023411 0.457806 0.043478 0.455697 0.311037 0.584387 0.337792 0.649789 0.294314 0.651898 0.043478
0 0.945148 0.334448 0.968355 0.290970 0.981012 0.053511 0.825739 0.040134 0.782700 0.013378 0.753164 0.036789 0.672995 0.043478 0.660338 0.063545 0.656119 0.117056 0.654008 0.297659 0.862869 0.341137 0.894514 0.384616 0.945148 0.334448
0 0.962025 0.334448 0.888186 0.397994 0.879747 0.505017 0.871308 0.675586 0.955697 0.565217 0.966245 0.394648 0.962025 0.334448
0 0.997891 0.521739 0.997891 0.177258 0.981012 0.190636 0.976794 0.227425 0.972573 0.307692 0.981012 0.317725 0.955697 0.571906 0.997891 0.521739
0 0.981012 0.183947 0.997891 0.177258 0.997891 0.023411 0.890295 0.020067 0.896625 0.043478 0.970464 0.046823 0.983122 0.088628 0.981012 0.183947
0 0.411392 0.123745 0.451477 0.113712 0.451477 0.050167 0.573839 0.006689 0.421941 0.000000 0.430380 0.023411 0.421941 0.053511 0.407173 0.066889 0.411392 0.123745
1 0.143459 0.394648 0.135022 0.070234 0.130802 0.060200 0.094936 0.066889 0.088608 0.090302 0.101266 0.394648 0.113923 0.408027 0.143459 0.394648
1 0.000000 0.602006 0.029536 0.635452 0.126583 0.662208 0.316456 0.759197 0.341772 0.759197 0.489452 0.635452 0.040084 0.464883 0.025317 0.471572 0.023206 0.494983 0.000000 0.511706 0.000000 0.602006
1 0.392405 0.565217 0.392405 0.438605 0.405064 0.404683 0.527427 0.334448 0.504219 0.327759 0.375528 0.394648 0.364978 0.404683 0.367089 0.565217 0.386077 0.578595 0.392405 0.565217
1 0.635022 0.130434 0.455697 0.110367 0.459916 0.137123 0.649789 0.157191 0.649789 0.137123 0.635022 0.130434
1 0.761603 0.070234 0.748945 0.080267 0.746836 0.100334 0.742616 0.311037 0.778481 0.321070 0.789030 0.076923 0.761603 0.070234
1 0.708861 0.698997 0.689873 0.695652 0.685655 0.789298 0.708861 0.799331 0.713080 0.712375 0.708861 0.698997
1 0.879747 0.454850 0.812236 0.521739 0.761603 0.548495 0.616034 0.505017 0.588608 0.511706 0.569620 0.491639 0.518987 0.478261 0.521097 0.521739 0.761603 0.598662 0.875528 0.494983 0.879747 0.454850
1 0.841772 0.384616 0.660338 0.331103 0.605486 0.324414 0.592827 0.337792 0.594936 0.347827 0.797469 0.394648 0.827005 0.397994 0.841772 0.384616