1 0.319653 0.139427 0.317978 0.235386 0.495534 0.287812 0.499148 0.182555 0.319653 0.139427
1 0.709544 0.184894 0.658414 0.214664 0.543391 0.191327 0.536181 0.299187 0.659191 0.322667 0.714902 0.284975 0.709544 0.184894
1 0.355734 0.666662 0.413223 0.679664 0.428714 0.402633 0.373000 0.389662 0.365011 0.389522 0.364684 0.408183 0.355734 0.666662
1 0.353112 0.918587 0.524339 0.977570 0.527442 0.901633 0.358761 0.849361 0.356984 0.849331 0.353112 0.918587
1 0.655994 1.000000 0.661600 0.998631 0.677716 0.990912 0.699648 0.955300 0.695509 0.887234 0.642277 0.935634 0.569675 0.923702 0.566691 0.992975 0.617122 1.000000 0.655994 1.000000
1 0.710934 0.359564 0.710617 0.479545 0.998880 0.512573 0.998091 0.389908 0.710934 0.359564
1 0.266681 0.223827 0.279778 0.134731 0.164895 0.103394 0.163686 0.172700 0.266681 0.223827
1 0.383564 0.140542 0.425187 0.095941 0.253986 0.086286 0.234997 0.105953 0.383564 0.140542
1 0.472047 0.107423 0.448269 0.147005 0.629516 0.191497 0.648669 0.162502 0.472047 0.107423
1 0.794433 0.205041 0.791645 0.110336 0.651255 0.065223 0.638480 0.084998 0.768125 0.135255 0.768458 0.217919 0.794433 0.205041
1 0.441020 0.053556 0.596873 0.077606 0.615023 0.055259 0.456577 0.027162 0.451156 0.032400 0.441020 0.053556
1 0.313378 0.905895 0.315498 0.835273 0.185150 0.774339 0.175744 0.855500 0.313378 0.905895
1 0.721994 0.183778 0.723847 0.281133 0.796138 0.209069 0.790641 0.116984 0.721994 0.183778
1 0.807741 0.103952 0.804592 0.182553 0.874500 0.094450 0.872581 0.051756 0.807741 0.103952
1 0.831364 0.225681 0.786188 0.219561 0.711894 0.355583 0.770222 0.371266 0.831364 0.225681
1 0.810759 0.185327 0.849886 0.182011 0.893819 0.106786 0.855673 0.104787 0.810759 0.185327
1 0.029855 0.718302 0.009767 0.749947 0.133061 0.808092 0.163798 0.776633 0.029855 0.718302
1 0.000000 0.712775 0.012897 0.723337 0.104739 0.650283 0.085536 0.631283 0.048653 0.658634 0.006400 0.688562 0.000000 0.701917 0.000000 0.712775
0 0.603572 1.000000 0.668081 0.998611 0.690125 0.966733 0.694956 0.969748 0.710217 0.934819 0.709381 0.758825 0.714439 0.692922 0.709992 0.667914 0.713433 0.638642 0.709553 0.637109 0.708884 0.619500 0.710031 0.497800 0.713059 0.436261 0.719225 0.418770 0.713520 0.409870 0.712539 0.354128 0.747170 0.272608 0.801355 0.189962 0.808650 0.163694 0.805823 0.157778 0.808933 0.147566 0.807542 0.115280 0.833931 0.114273 0.837734 0.120205 0.844773 0.108597 0.865483 0.097227 0.868178 0.054745 0.864400 0.047347 0.658066 0.005616 0.510680 0.000111 0.462528 0.016867 0.450939 0.009333 0.441828 0.016506 0.384389 0.016970 0.383233 0.027216 0.326422 0.036489 0.165063 0.104064 0.174352 0.299272 0.182319 0.682166 0.180297 0.797984 0.176289 0.803781 0.180992 0.814128 0.181278 0.853730 0.239377 0.882606 0.285064 0.895136 0.418939 0.947333 0.592087 1.000000 0.603572 1.000000
0 1.000000 0.108309 0.868284 0.104608 0.852586 0.108733 0.753055 0.271244 0.716547 0.348331 0.713464 0.357075 0.711245 0.596077 0.712562 0.688489 0.716264 0.700286 0.712205 0.709014 0.711672 0.795528 0.717756 1.000000 0.990372 1.000000 1.000000 0.448408 1.000000 0.108309
0 0.000000 0.989883 0.052889 0.990806 0.077761 0.964842 0.103428 0.949159 0.125575 0.911417 0.175369 0.856559 0.176805 0.830186 0.171075 0.822755 0.004258 0.755317 0.000000 0.755242 0.000000 0.989883
0 0.000000 0.751214 0.105114 0.796672 0.176008 0.819906 0.176942 0.598483 0.172162 0.592533 0.168591 0.573405 0.125628 0.572656 0.122597 0.578469 0.103069 0.578128 0.067069 0.570167 0.004605 0.567611 0.000000 0.568678 0.000000 0.751214