0 0.872116 0.620073 0.881334 0.678283 0.919608 0.672220 0.909153 0.614206 0.872116 0.620073
0 0.831075 0.624648 0.839358 0.684931 0.876395 0.679064 0.868411 0.620659 0.831075 0.624648
0 0.792162 0.634661 0.801084 0.690992 0.839358 0.684931 0.827372 0.625234 0.792162 0.634661
0 0.760809 0.564558 0.764722 0.581263 0.786214 0.597106 0.793739 0.628636 0.824009 0.619992 0.812322 0.562173 0.760809 0.564558
0 0.746905 0.516714 0.760513 0.562680 0.809258 0.558809 0.802714 0.517500 0.795100 0.501381 0.759683 0.493517 0.722942 0.501261 0.722897 0.508967 0.736775 0.508695 0.746905 0.516714
0 0.799488 0.489138 0.796973 0.497236 0.811727 0.558419 0.852766 0.553844 0.845673 0.501070 0.826650 0.484836 0.799488 0.489138
0 0.826480 0.619602 0.865347 0.617295 0.856128 0.559086 0.820964 0.560805 0.816322 0.563466 0.826480 0.619602
0 0.859831 0.558498 0.868753 0.614831 0.905792 0.608964 0.897167 0.554509 0.859831 0.558498
0 0.851936 0.484680 0.842059 0.486245 0.856172 0.551378 0.865706 0.555644 0.893806 0.549267 0.887055 0.490667 0.851936 0.484680
0 0.778402 0.667637 0.691339 0.685277 0.687203 0.707105 0.688645 0.724200 0.702344 0.754753 0.776122 0.741142 0.789748 0.731284 0.778402 0.667637
0 0.795092 0.661145 0.785277 0.599180 0.780384 0.592255 0.761017 0.581848 0.721808 0.589984 0.706352 0.596281 0.718266 0.615567 0.727486 0.673777 0.795092 0.661145
0 0.628437 0.631720 0.637034 0.638058 0.637539 0.657227 0.649705 0.686097 0.685166 0.686255 0.723484 0.672486 0.714905 0.610325 0.701414 0.597064 0.629509 0.606527 0.632528 0.617598 0.628437 0.631720
0 0.747202 0.518592 0.723492 0.512723 0.685814 0.522541 0.682705 0.526883 0.690097 0.541592 0.698989 0.589748 0.759188 0.578289 0.747202 0.518592
0 0.696520 0.590139 0.687302 0.531930 0.667250 0.533180 0.662356 0.526256 0.616973 0.535369 0.608836 0.555906 0.612405 0.578439 0.635384 0.603672 0.696520 0.590139
0 0.689697 0.491128 0.688419 0.499030 0.719194 0.509555 0.726989 0.494845 0.743336 0.494181 0.751428 0.481352 0.689697 0.491128
0 0.587055 0.642123 0.578850 0.674220 0.536553 0.682845 0.555245 0.808848 0.625916 0.799580 0.610883 0.680697 0.595355 0.646584 0.587055 0.642123
0 0.461242 0.694773 0.479636 0.818898 0.546305 0.808339 0.529444 0.685895 0.461242 0.694773
0 0.571762 0.673419 0.584450 0.665634 0.581063 0.612275 0.567589 0.543191 0.552566 0.528247 0.452562 0.544086 0.435486 0.564114 0.448778 0.664025 0.456645 0.689727 0.571762 0.673419
0 0.445625 0.676073 0.430250 0.563019 0.425952 0.559848 0.329102 0.563639 0.278050 0.592898 0.294362 0.703880 0.298958 0.708927 0.417391 0.705567 0.445625 0.676073
0 0.467605 0.766909 0.458341 0.716406 0.444642 0.685853 0.420455 0.708933 0.361239 0.710612 0.357833 0.713077 0.376272 0.829495 0.446302 0.824178 0.467605 0.766909
0 0.289334 0.720075 0.307475 0.834617 0.372864 0.831959 0.354128 0.713663 0.314962 0.714092 0.292830 0.702198 0.289334 0.720075
0 0.296748 0.559139 0.292837 0.542436 0.279600 0.538758 0.205820 0.552369 0.161923 0.570869 0.173270 0.634517 0.272381 0.613045 0.274986 0.589534 0.296748 0.559139
0 0.172631 0.638467 0.181553 0.694800 0.187681 0.701528 0.266695 0.689014 0.282331 0.651891 0.275445 0.616409 0.172631 0.638467
0 0.170055 0.710095 0.188791 0.828392 0.273339 0.818852 0.250006 0.695508 0.201856 0.703133 0.180616 0.696873 0.170055 0.710095
0 0.254008 0.696798 0.273384 0.811144 0.279512 0.817873 0.299563 0.816622 0.284323 0.680447 0.278105 0.689131 0.254008 0.696798
0 0.300408 0.566259 0.306536 0.572987 0.340853 0.557928 0.346477 0.545489 0.365041 0.534850 0.360831 0.516267 0.347295 0.510713 0.311492 0.516383 0.283348 0.530464 0.296839 0.543727 0.300408 0.566259
0 0.572438 0.557822 0.583233 0.610006 0.596219 0.604100 0.589497 0.593616 0.588650 0.580277 0.601636 0.574370 0.603555 0.562517 0.594588 0.513891 0.576411 0.510995 0.550142 0.520931 0.572438 0.557822
0 0.606377 0.660238 0.603538 0.618341 0.598644 0.611416 0.583189 0.617712 0.585567 0.632734 0.606377 0.660238
0 0.000000 0.216425 0.007703 0.260373 0.012894 0.269177 0.036902 0.276922 0.025645 0.197862 0.000000 0.181609 0.000000 0.216425
0 0.034197 0.211906 0.029259 0.212689 0.038777 0.272777 0.045202 0.281383 0.062144 0.284473 0.053564 0.222312 0.034197 0.211906
0 0.054798 0.222117 0.063081 0.282400 0.084619 0.290538 0.072336 0.228964 0.054798 0.222117
0 0.087908 0.255370 0.095045 0.300436 0.110753 0.303722 0.105147 0.260339 0.087908 0.255370
0 0.136292 0.313152 0.138213 0.301298 0.127713 0.250991 0.104597 0.248877 0.111987 0.303527 0.136292 0.313152
0 0.000000 0.365039 0.001541 0.365291 0.007623 0.379727 0.044364 0.371983 0.041778 0.339670 0.035352 0.331064 0.000000 0.332500 0.000000 0.365039
0 0.000000 0.423084 0.010759 0.423502 0.002134 0.369047 0.000000 0.367900 0.000000 0.423084
0 0.007920 0.381605 0.014464 0.422914 0.046816 0.427414 0.042445 0.383836 0.007920 0.381605
0 0.043309 0.341352 0.048023 0.379102 0.066200 0.381998 0.061486 0.344247 0.043309 0.341352
0 0.079212 0.424208 0.084881 0.404063 0.081267 0.389236 0.055087 0.383758 0.061333 0.423191 0.079212 0.424208
0 0.077978 0.424403 0.106330 0.427613 0.095667 0.352308 0.078131 0.345461 0.064847 0.349489 0.068669 0.381606 0.085566 0.392405 0.087261 0.419084 0.077978 0.424403
0 0.000000 0.499255 0.034064 0.498728 0.029694 0.455150 0.018925 0.451080 0.000000 0.454078 0.000000 0.499255
0 0.000000 0.539352 0.001397 0.548173 0.042438 0.543598 0.035597 0.500411 0.011842 0.502248 0.000000 0.512947 0.000000 0.539352
0 0.041500 0.545672 0.001992 0.551930 0.009130 0.596995 0.050809 0.588469 0.050305 0.569300 0.041500 0.545672
0 0.050097 0.552009 0.055153 0.583931 0.088830 0.572822 0.082197 0.546925 0.050097 0.552009
0 0.049502 0.548253 0.077898 0.543756 0.061452 0.455894 0.037102 0.453977 0.032461 0.456636 0.049502 0.548253
0 0.099048 0.565430 0.123741 0.561519 0.117794 0.523964 0.097742 0.525214 0.093398 0.529752 0.099048 0.565430
0 0.092820 0.470173 0.100852 0.520872 0.117198 0.520208 0.108573 0.465755 0.092820 0.470173
0 0.101825 0.670856 0.109025 0.652392 0.100952 0.609400 0.063317 0.611509 0.030875 0.622423 0.036481 0.665806 0.044097 0.681923 0.088200 0.680713 0.101825 0.670856
0 0.060128 0.735205 0.115983 0.728283 0.130889 0.710523 0.121237 0.673556 0.110170 0.667609 0.090967 0.682200 0.052991 0.690139 0.049881 0.694481 0.055830 0.732036 0.060128 0.735205
0 0.133061 0.708255 0.150688 0.699689 0.142063 0.645234 0.112730 0.651805 0.113234 0.670973 0.133061 0.708255
0 0.131077 0.519934 0.136727 0.555612 0.160184 0.551897 0.156364 0.519780 0.131077 0.519934
0 0.172458 0.509531 0.165573 0.474050 0.131941 0.477452 0.129130 0.483672 0.132952 0.515789 0.172458 0.509531
0 0.162655 0.551506 0.180875 0.546695 0.176758 0.512700 0.159472 0.515437 0.156066 0.517902 0.162655 0.551506
0 0.172639 0.478705 0.182750 0.542548 0.201567 0.541492 0.192347 0.483283 0.172639 0.478705
0 0.100994 0.337991 0.113738 0.426439 0.128209 0.429922 0.112700 0.339986 0.100994 0.337991
0 1.000000 0.530583 0.989511 0.530259 0.994223 0.568011 1.000000 0.569569 1.000000 0.530583
0 0.962097 0.524978 0.966809 0.562728 0.989286 0.568792 0.983977 0.527288 0.962097 0.524978
0 0.892678 0.478228 0.898031 0.512027 0.929194 0.509016 0.918605 0.474120 0.892678 0.478228
0 0.898330 0.513905 0.902448 0.547898 0.918155 0.551186 0.919272 0.518286 0.898330 0.513905
0 0.934638 0.527402 0.939397 0.557445 0.954464 0.564683 0.950048 0.528811 0.934638 0.527402
0 0.465845 0.540056 0.549502 0.524881 0.510084 0.515727 0.461295 0.527303 0.461844 0.538766 0.465845 0.540056
0 0.362752 0.504414 0.369041 0.536141 0.390967 0.530744 0.409234 0.518225 0.411450 0.508250 0.386848 0.496748 0.362752 0.504414
0 0.538156 0.461234 0.532280 0.464091 0.535002 0.473283 0.548538 0.478839 0.587747 0.470703 0.579195 0.456659 0.538156 0.461234