1 0.275181 0.268994 0.279975 0.123481 0.059184 0.117973 0.055834 0.266819 0.275181 0.268994
1 0.295084 0.118781 0.292428 0.270948 0.501259 0.272941 0.505387 0.122452 0.295084 0.118781
1 0.285380 0.330389 0.280008 0.465966 0.492623 0.466367 0.495712 0.332405 0.285380 0.330389
1 0.266431 0.469038 0.269462 0.338384 0.054795 0.326366 0.054797 0.455417 0.266431 0.469038
1 0.267386 0.672558 0.267730 0.523659 0.052081 0.524858 0.050378 0.665463 0.267386 0.672558
1 0.284225 0.525602 0.283130 0.674489 0.494302 0.671556 0.494675 0.521003 0.284225 0.525602
1 0.264528 0.879322 0.265567 0.733744 0.047202 0.718350 0.043823 0.868852 0.264528 0.879322
1 0.279923 0.729031 0.276603 0.876225 0.485463 0.876561 0.490200 0.734355 0.279923 0.729031
1 0.508020 0.531162 0.508369 0.683383 0.715756 0.682041 0.717748 0.524897 0.508020 0.531162
1 0.515181 0.120969 0.508683 0.278034 0.722973 0.268537 0.727711 0.126333 0.515181 0.120969
1 0.508509 0.330975 0.507731 0.461667 0.722398 0.473688 0.723408 0.329761 0.508509 0.330975
1 0.498231 0.876783 0.716077 0.878931 0.717606 0.748253 0.717780 0.738328 0.501523 0.731245 0.498231 0.876783
1 0.728352 0.735205 0.725783 0.882411 0.946516 0.891227 0.946253 0.734044 0.728352 0.735205
1 0.732252 0.683983 0.950067 0.687784 0.949777 0.532255 0.735052 0.523542 0.732595 0.535081 0.732252 0.683983
1 0.737572 0.336627 0.735859 0.477231 0.952144 0.482661 0.952345 0.342031 0.737572 0.336627
1 0.742067 0.121619 0.738661 0.273777 0.951853 0.284116 0.954567 0.128638 0.742067 0.121619