0 0.842367 0.688870 0.840311 0.747769 0.879036 0.749122 0.879844 0.690178 0.842367 0.688870
0 0.801208 0.685530 0.797836 0.746286 0.835314 0.747595 0.838619 0.688739 0.801208 0.685530
0 0.761100 0.687934 0.759109 0.744933 0.797836 0.746286 0.797461 0.685398 0.761100 0.687934
0 0.743700 0.613136 0.744352 0.630280 0.762427 0.649934 0.763798 0.682322 0.795161 0.679612 0.794720 0.620625 0.743700 0.613136
0 0.739180 0.563519 0.743766 0.611236 0.792355 0.616737 0.793814 0.574939 0.789414 0.557664 0.756148 0.543186 0.718605 0.543778 0.717091 0.551334 0.730766 0.553714 0.739180 0.563519
0 0.796058 0.546483 0.792045 0.553952 0.794853 0.616825 0.836011 0.620164 0.839119 0.567009 0.823541 0.547442 0.796058 0.546483
0 0.797659 0.679698 0.836253 0.684852 0.838311 0.625952 0.803464 0.620931 0.798402 0.622656 0.797659 0.679698
0 0.842058 0.626083 0.840067 0.683083 0.877545 0.684391 0.879469 0.629292 0.842058 0.626083
0 0.848394 0.552114 0.838400 0.551766 0.839825 0.618395 0.848370 0.624402 0.877169 0.623505 0.881725 0.564692 0.848394 0.552114
0 0.741300 0.717680 0.652472 0.718381 0.644247 0.739020 0.642400 0.756077 0.650017 0.788681 0.725038 0.789398 0.740294 0.782322 0.741300 0.717680
0 0.758922 0.714491 0.761111 0.651791 0.757630 0.644059 0.740605 0.630150 0.700562 0.630653 0.684189 0.633886 0.692205 0.655091 0.690148 0.713991 0.758922 0.714491
0 0.600944 0.653806 0.608173 0.661669 0.605013 0.680581 0.611445 0.711242 0.646225 0.718164 0.686466 0.711959 0.689905 0.649305 0.679192 0.633711 0.606803 0.629281 0.607655 0.640725 0.600944 0.653806
0 0.739112 0.565419 0.716958 0.555134 0.678098 0.557581 0.674219 0.561250 0.678669 0.577100 0.678209 0.626069 0.739487 0.626306 0.739112 0.565419
0 0.675711 0.625981 0.677767 0.567081 0.657845 0.564483 0.654364 0.556753 0.608075 0.557039 0.596169 0.575645 0.595372 0.598445 0.613116 0.627600 0.675711 0.625981
0 0.687905 0.527487 0.685141 0.535000 0.713344 0.551203 0.723802 0.538252 0.739975 0.540719 0.750367 0.529669 0.687905 0.527487
0 0.558338 0.656123 0.544158 0.686066 0.500994 0.686459 0.495298 0.813716 0.566439 0.818102 0.574367 0.698534 0.565633 0.662084 0.558338 0.656123
0 0.424789 0.683798 0.419161 0.809155 0.486620 0.811509 0.493431 0.688098 0.424789 0.683798
0 0.537353 0.683925 0.551294 0.678705 0.558150 0.625680 0.558106 0.555294 0.546211 0.537758 0.445022 0.534223 0.424437 0.550625 0.418422 0.651237 0.421241 0.677969 0.537353 0.683925
0 0.413027 0.662462 0.419506 0.548552 0.415892 0.544620 0.320098 0.529861 0.264402 0.548842 0.259238 0.660897 0.262788 0.666728 0.379684 0.686028 0.413027 0.662462
0 0.417272 0.755823 0.417814 0.704481 0.410197 0.671875 0.382050 0.689916 0.323602 0.680266 0.319788 0.682034 0.315673 0.799833 0.385431 0.807977 0.417272 0.755823
0 0.251213 0.675836 0.247164 0.791734 0.311859 0.801603 0.316039 0.681903 0.277512 0.674852 0.258055 0.658953 0.251213 0.675836
0 0.289198 0.519270 0.288547 0.502128 0.276253 0.495991 0.201233 0.495273 0.154612 0.505059 0.153606 0.569703 0.254994 0.567536 0.262036 0.544955 0.289198 0.519270
0 0.152225 0.573459 0.150234 0.630458 0.154966 0.638233 0.234917 0.641025 0.257348 0.607567 0.257359 0.571423 0.152225 0.573459
0 0.136028 0.643278 0.131848 0.762977 0.216664 0.769744 0.217295 0.644214 0.168575 0.642513 0.148919 0.632314 0.136028 0.643278
0 0.220977 0.646245 0.218178 0.762188 0.222909 0.769962 0.242831 0.772559 0.253855 0.635980 0.246094 0.643317 0.220977 0.646245
0 0.291433 0.526958 0.296164 0.534733 0.332723 0.526498 0.340617 0.515359 0.360870 0.508458 0.360284 0.489414 0.348058 0.481378 0.311830 0.480112 0.281516 0.488566 0.292228 0.504158 0.291433 0.526958
0 0.560073 0.570581 0.560714 0.623867 0.574589 0.620547 0.569989 0.608973 0.571703 0.595717 0.585578 0.592397 0.589723 0.581128 0.590198 0.531684 0.572909 0.525373 0.545227 0.530114 0.560073 0.570581
0 0.573847 0.677591 0.579055 0.635922 0.575572 0.628191 0.559200 0.631423 0.558669 0.646623 0.573847 0.677591
0 0.034003 0.162239 0.058723 0.170711 0.060128 0.094667 0.039422 0.078727 0.018252 0.076084 0.014438 0.077855 0.012114 0.144353 0.034003 0.162239
0 0.069005 0.091173 0.063875 0.094798 0.062470 0.170842 0.065888 0.180472 0.087975 0.192658 0.092011 0.112902 0.069005 0.091173
0 0.097727 0.128320 0.092730 0.128145 0.090606 0.188945 0.095272 0.198619 0.111312 0.204886 0.114752 0.142231 0.097727 0.128320
0 0.116000 0.142275 0.112628 0.203030 0.132217 0.215128 0.131909 0.152341 0.116000 0.142275
0 0.142156 0.181234 0.140564 0.226833 0.155356 0.233056 0.158131 0.189400 0.142156 0.181234
0 0.178627 0.247186 0.182773 0.235916 0.182066 0.184530 0.159778 0.178044 0.156606 0.233100 0.178627 0.247186
0 0.080789 0.255183 0.076123 0.245508 0.011428 0.235639 0.008002 0.262152 0.036402 0.272656 0.039619 0.287986 0.077162 0.287395 0.080789 0.255183
0 0.021677 0.264533 0.007802 0.267852 0.005811 0.324852 0.034345 0.331555 0.036269 0.276456 0.021677 0.264533
0 0.039553 0.289886 0.038092 0.331686 0.068992 0.342277 0.073017 0.298664 0.039553 0.289886
0 0.081972 0.257127 0.079395 0.295083 0.096686 0.301392 0.099263 0.263437 0.081972 0.257127
0 0.101406 0.345311 0.110814 0.326616 0.110095 0.311373 0.085442 0.301000 0.084048 0.340900 0.101406 0.345311
0 0.100156 0.345267 0.127375 0.353827 0.131278 0.277870 0.115369 0.267805 0.101561 0.269223 0.099184 0.301480 0.113711 0.315303 0.110283 0.341816 0.100156 0.345267
0 0.037097 0.360186 0.004617 0.359052 0.003091 0.402752 0.042867 0.409847 0.046892 0.366234 0.037097 0.360186
0 0.020381 0.409061 0.002494 0.419852 0.001366 0.452150 0.042525 0.455491 0.044050 0.411791 0.020381 0.409061
0 0.000000 0.501547 0.042181 0.501133 0.045344 0.482220 0.041209 0.457347 0.001233 0.455950 0.000000 0.491272 0.000000 0.501547
0 0.048439 0.465208 0.047311 0.497508 0.082489 0.493030 0.080919 0.466342 0.048439 0.465208
0 0.048572 0.461408 0.077305 0.462411 0.077925 0.373025 0.054387 0.366497 0.049325 0.368222 0.048572 0.461408
0 0.093931 0.487722 0.118916 0.488595 0.120242 0.450595 0.100322 0.447997 0.095192 0.451622 0.093931 0.487722
0 0.105994 0.393028 0.104202 0.444328 0.120375 0.446795 0.122300 0.391695 0.105994 0.393028
0 0.076541 0.591741 0.087131 0.574991 0.087408 0.531247 0.050064 0.526139 0.016136 0.530661 0.013359 0.574317 0.017759 0.591591 0.061284 0.598817 0.076541 0.591741
0 0.023331 0.646952 0.079480 0.650816 0.097500 0.636227 0.095080 0.598095 0.085352 0.590147 0.063716 0.600805 0.024923 0.601353 0.021044 0.605022 0.019716 0.643022 0.023331 0.646952
0 0.100066 0.634414 0.119003 0.629367 0.120927 0.574269 0.090880 0.575122 0.087717 0.594034 0.100066 0.634414
0 0.134052 0.449175 0.132791 0.485275 0.156525 0.486103 0.158903 0.453847 0.134052 0.449175
0 0.176658 0.446858 0.176669 0.410714 0.143006 0.407637 0.139059 0.413206 0.136681 0.445462 0.176658 0.446858
0 0.159025 0.486191 0.177830 0.484945 0.180273 0.450789 0.162783 0.450178 0.158969 0.451947 0.159025 0.486191
0 0.182716 0.416633 0.180461 0.481233 0.199133 0.483786 0.201189 0.424887 0.182716 0.416633
0 0.139237 0.264833 0.134870 0.354089 0.148413 0.360269 0.150348 0.269025 0.139237 0.264833
0 0.974742 0.623108 0.972167 0.661062 0.993072 0.671305 0.994598 0.627605 0.974742 0.623108
0 0.948841 0.612691 0.946264 0.650647 0.967170 0.660889 0.969878 0.619133 0.948841 0.612691
0 0.889619 0.553555 0.888423 0.587753 0.919589 0.590744 0.915852 0.554470 0.889619 0.553555
0 0.888358 0.589653 0.885914 0.623809 0.900706 0.630033 0.908080 0.597952 0.888358 0.589653
0 0.921423 0.609831 0.920363 0.640231 0.933772 0.650211 0.936281 0.614155 0.921423 0.609831
0 0.458830 0.532803 0.543845 0.533870 0.506898 0.517361 0.456795 0.519417 0.455148 0.530773 0.458830 0.532803
0 0.364430 0.478145 0.364552 0.510489 0.387105 0.509373 0.407423 0.500572 0.411503 0.491203 0.389547 0.475217 0.364430 0.478145
0 0.544852 0.469227 0.538539 0.470909 0.539456 0.480453 0.551683 0.488489 0.591725 0.487984 0.586009 0.472567 0.544852 0.469227