1 0.604675 0.629184 0.609839 0.594539 0.577397 0.529012 0.504297 0.554141 0.411964 0.599016 0.356720 0.635794 0.365878 0.709427 0.604675 0.629184
1 0.405603 0.813395 0.478173 0.772297 0.492550 0.723853 0.480667 0.680808 0.248384 0.731820 0.245141 0.728028 0.254017 0.814383 0.405603 0.813395
1 0.398053 0.340230 0.345564 0.300406 0.198786 0.403716 0.245017 0.492259 0.391255 0.386784 0.409953 0.355667 0.398053 0.340230
1 0.238417 0.654938 0.355705 0.530227 0.291589 0.471445 0.148600 0.576111 0.145352 0.576922 0.238417 0.654938
1 0.600159 0.491131 0.650186 0.571827 0.834077 0.423608 0.796772 0.343189 0.600159 0.491131
1 0.491723 0.319177 0.373764 0.224361 0.324747 0.258436 0.322303 0.271698 0.454320 0.395216 0.491723 0.319177
1 0.438430 0.266898 0.499925 0.190605 0.385472 0.114469 0.327520 0.154222 0.330491 0.166136 0.438430 0.266898
1 0.549766 0.136769 0.586831 0.165486 0.746298 0.113073 0.686492 0.090027 0.549766 0.136769
1 0.594644 0.653539 0.637356 0.741811 0.802852 0.575172 0.738739 0.511791 0.594644 0.653539
1 0.621839 0.453519 0.600227 0.385292 0.497663 0.343000 0.476233 0.413906 0.574161 0.511416 0.602869 0.488155 0.621839 0.453519
0 0.892330 0.336158 0.874181 0.269828 0.871186 0.212603 0.855675 0.169770 0.842042 0.153845 0.638213 0.072619 0.554466 0.066123 0.414991 0.094456 0.206864 0.215594 0.164019 0.250431 0.090494 0.259100 0.038538 0.321975 0.028672 0.340537 0.120942 0.652481 0.131336 0.694175 0.129984 0.733964 0.138688 0.755950 0.278058 0.895117 0.339814 0.916756 0.403470 0.933092 0.444778 0.930845 0.472811 0.946400 0.509197 0.937328 0.589953 0.880156 0.671098 0.805172 0.748053 0.765052 0.987655 0.608692 0.892330 0.336158