0 0.199334 0.258917 0.341694 0.277808 0.354147 0.262097 0.370461 0.097536 0.363236 0.091539 0.313977 0.083744 0.220739 0.073944 0.214095 0.081102 0.202763 0.170248 0.193761 0.246548 0.199334 0.258917
0 0.385653 0.270645 0.389302 0.291977 0.507245 0.309611 0.550950 0.314203 0.559264 0.309841 0.579600 0.144394 0.574298 0.129434 0.453422 0.102328 0.411659 0.097939 0.407231 0.102709 0.394245 0.198230 0.385653 0.270645
0 0.626723 0.331333 0.727320 0.345834 0.739520 0.341878 0.754862 0.177216 0.749153 0.166142 0.684744 0.143661 0.614798 0.127145 0.598287 0.125409 0.588594 0.133555 0.570783 0.312361 0.626723 0.331333
0 0.917436 0.452227 0.982916 0.455181 0.991652 0.316009 0.989092 0.284317 0.836556 0.240791 0.829911 0.247948 0.824684 0.269656 0.812689 0.374445 0.812955 0.437317 0.917436 0.452227
0 0.321686 0.468166 0.338878 0.463427 0.352006 0.301150 0.344181 0.272833 0.199606 0.256328 0.178939 0.256773 0.171459 0.262534 0.154075 0.446622 0.157280 0.453505 0.321686 0.468166
0 0.339984 0.462234 0.398431 0.485397 0.476827 0.496255 0.485141 0.491892 0.508544 0.334622 0.507536 0.316188 0.390137 0.293373 0.364614 0.293309 0.358941 0.300569 0.340202 0.432144 0.339984 0.462234
0 0.524609 0.321909 0.513128 0.337723 0.499908 0.454166 0.499264 0.478975 0.504838 0.491344 0.532458 0.499484 0.585448 0.499816 0.620294 0.513953 0.646925 0.512823 0.657770 0.456356 0.667261 0.347377 0.663920 0.341789 0.549434 0.319281 0.524609 0.321909
0 0.685559 0.341444 0.674331 0.345502 0.664723 0.464942 0.663009 0.509278 0.666505 0.522738 0.684548 0.528561 0.719920 0.528352 0.755800 0.504628 0.798305 0.464581 0.809769 0.439602 0.815058 0.379931 0.810302 0.359792 0.755622 0.347498 0.685559 0.341444
0 0.807955 0.503564 0.810652 0.533959 0.793602 0.677495 0.855914 0.691900 0.958028 0.701323 0.972305 0.696278 0.984845 0.586309 0.992783 0.464073 0.981673 0.457669 0.831408 0.439256 0.814506 0.450573 0.807955 0.503564
0 0.880303 0.955006 0.938286 0.954553 0.950620 0.949303 0.968167 0.707627 0.825942 0.687441 0.794319 0.689355 0.791561 0.696920 0.774948 0.920366 0.777627 0.941595 0.880303 0.955006
0 0.576588 0.714912 0.750725 0.739761 0.775414 0.738428 0.787992 0.646792 0.795577 0.555942 0.791945 0.543777 0.780834 0.537372 0.614622 0.521213 0.591467 0.526634 0.573656 0.705439 0.576588 0.714912
0 0.557280 0.907963 0.559939 0.920025 0.751133 0.941430 0.751112 0.935936 0.748870 0.925223 0.758828 0.830478 0.768228 0.773095 0.772364 0.739417 0.609609 0.718383 0.583114 0.718217 0.572586 0.724966 0.557280 0.907963
0 0.141020 0.645566 0.143391 0.651052 0.194184 0.662936 0.291441 0.671850 0.335555 0.672558 0.343033 0.666798 0.363214 0.493478 0.359156 0.476031 0.175597 0.456739 0.166583 0.458411 0.161881 0.465772 0.141020 0.645566
0 0.370555 0.694566 0.540789 0.709841 0.567828 0.704827 0.580795 0.600139 0.585077 0.522034 0.568411 0.512428 0.531914 0.504664 0.391361 0.487272 0.379997 0.492623 0.366052 0.662670 0.370555 0.694566
0 0.339203 0.693889 0.317391 0.882748 0.321430 0.891028 0.338503 0.896750 0.520392 0.913250 0.551589 0.906055 0.563691 0.716175 0.560486 0.709292 0.536750 0.701559 0.369292 0.687887 0.356377 0.679984 0.345284 0.682745 0.339203 0.693889
0 0.312116 0.765567 0.318827 0.712391 0.320984 0.681186 0.300198 0.676008 0.266889 0.671887 0.259605 0.677728 0.232914 0.677481 0.222319 0.669319 0.212794 0.663827 0.202645 0.664258 0.179972 0.666364 0.123811 0.655972 0.131847 0.704827 0.185838 0.789058 0.200381 0.846884 0.205289 0.874077 0.214505 0.882530 0.222900 0.877425 0.227008 0.870373 0.239420 0.877172 0.253427 0.874716 0.263292 0.883609 0.276889 0.885037 0.290195 0.879891 0.312116 0.765567
0 0.014172 0.338959 0.006142 0.415362 0.070106 0.423394 0.092586 0.429677 0.118077 0.251252 0.094580 0.246598 0.086111 0.243089 0.048505 0.236519 0.040191 0.240881 0.014172 0.338959
0 0.000000 0.644156 0.046016 0.652600 0.055419 0.637878 0.069875 0.584408 0.081055 0.487389 0.080028 0.459788 0.065169 0.451678 0.013150 0.451448 0.002758 0.456903 0.000000 0.481825 0.000000 0.644156
0 0.204189 0.000000 0.203400 0.005350 0.211616 0.020616 0.353277 0.036814 0.366175 0.035550 0.370177 0.025497 0.369872 0.000000 0.204189 0.000000
0 1.000000 0.049798 0.814492 0.030300 0.813267 0.041955 0.801086 0.055077 0.799045 0.074500 0.824469 0.094194 0.995966 0.116145 1.000000 0.116186 1.000000 0.049798
0 0.531281 0.052903 0.540177 0.061694 0.726939 0.087870 0.743722 0.087016 0.749667 0.077167 0.746506 0.023155 0.539639 0.001413 0.531281 0.052903
0 0.383897 0.000000 0.376023 0.035277 0.382412 0.039875 0.516867 0.059244 0.534194 0.053209 0.537695 0.001208 0.526203 0.000000 0.383897 0.000000