1 0.511058 0.192148 0.428084 0.206534 0.509983 0.396717 0.604153 0.378923 0.511058 0.192148
1 0.628384 0.436003 0.540992 0.453317 0.581205 0.528859 0.555902 0.616244 0.643073 0.608092 0.671766 0.520469 0.628384 0.436003
1 0.346202 0.655961 0.331431 0.707317 0.547392 0.668461 0.553434 0.618378 0.346202 0.655961
1 0.643073 0.608092 0.628416 0.654867 0.833291 0.614837 0.838302 0.567442 0.643073 0.608092
1 0.522128 0.674175 0.512773 0.681372 0.503675 0.717952 0.706489 0.683297 0.713856 0.638347 0.522128 0.674175
1 0.273061 0.623262 0.257592 0.663561 0.309591 0.751334 0.421400 0.743395 0.433297 0.690936 0.324250 0.704561 0.273061 0.623262
1 0.687642 0.363195 0.617302 0.374723 0.666794 0.486195 0.665541 0.558152 0.756617 0.548416 0.763284 0.492409 0.687642 0.363195
1 0.722227 0.311739 0.753530 0.376156 0.893181 0.355786 0.852452 0.281584 0.722227 0.311739
1 0.653359 0.302256 0.564830 0.146517 0.489773 0.153155 0.566077 0.314988 0.653359 0.302256
1 0.267400 0.277398 0.292627 0.353353 0.489252 0.334817 0.494186 0.330547 0.461155 0.257759 0.278486 0.278570 0.267400 0.277398
1 0.255023 0.369744 0.225006 0.452236 0.254466 0.512864 0.274505 0.443494 0.371952 0.430041 0.345806 0.352191 0.338403 0.358595 0.255023 0.369744
1 0.212302 0.438111 0.201877 0.469558 0.281347 0.640314 0.305434 0.603323 0.212302 0.438111
1 0.789917 0.289945 0.766423 0.222361 0.553556 0.253158 0.577972 0.322636 0.789917 0.289945
1 0.181367 0.398495 0.170797 0.395978 0.161589 0.437139 0.234392 0.603795 0.250672 0.569972 0.181367 0.398495
0 0.280053 0.793939 0.290291 0.810198 0.320784 0.808033 0.817636 0.702842 0.963152 0.469723 0.953484 0.449830 0.755342 0.131028 0.746059 0.125155 0.201095 0.181822 0.186050 0.184522 0.180287 0.193098 0.174098 0.209219 0.154553 0.468344 0.189483 0.572684 0.215186 0.638806 0.218978 0.641803 0.222900 0.659491 0.280053 0.793939