1 0.385417 0.642178 0.383680 0.747687 0.486978 0.793280 0.488716 0.690373 0.385417 0.642178
1 0.182291 0.711216 0.177084 0.612219 0.090278 0.580956 0.093750 0.669533 0.093750 0.677348 0.182291 0.711216
1 0.539930 0.328253 0.537327 0.366028 0.666666 0.380356 0.671008 0.341280 0.539930 0.328253
1 0.724827 0.696886 0.721353 0.805003 0.788195 0.759411 0.791666 0.651297 0.724827 0.696886
1 0.949653 0.497589 0.943577 0.593983 0.992188 0.579653 0.997395 0.481959 0.949653 0.497589
1 0.558159 0.251400 0.609375 0.294386 0.690103 0.243584 0.622397 0.216230 0.558159 0.251400
1 0.197048 0.168034 0.264758 0.192783 0.324653 0.140680 0.258680 0.123747 0.197048 0.168034
1 0.539062 0.151102 0.549478 0.182364 0.665798 0.182364 0.656250 0.147194 0.539062 0.151102
1 0.266492 0.019539 0.259548 0.016933 0.166666 0.045591 0.200520 0.078156 0.296008 0.048195 0.266492 0.019539
1 0.631077 0.040380 0.723091 0.078156 0.750867 0.056012 0.659722 0.015631 0.631077 0.040380
1 0.312500 0.000000 0.332466 0.036472 0.397570 0.035170 0.377605 0.000000 0.312500 0.000000
0 0.609375 0.926144 0.620313 0.926144 0.661719 0.895663 0.735938 0.827667 0.746875 0.824150 0.751563 0.814772 0.771094 0.803048 0.816406 0.760844 0.842187 0.744431 0.864844 0.722158 0.871875 0.711606 0.875781 0.689331 0.882031 0.689331 0.877344 0.682298 0.878125 0.657678 0.900000 0.256741 0.898438 0.243845 0.890625 0.236811 0.797656 0.202814 0.778906 0.200469 0.757031 0.188745 0.690625 0.173505 0.689063 0.168816 0.687500 0.172333 0.673438 0.161781 0.657813 0.160609 0.650781 0.152403 0.626563 0.146542 0.623437 0.151231 0.601562 0.147714 0.591406 0.153575 0.561719 0.153575 0.557031 0.158266 0.540625 0.160609 0.490625 0.188745 0.471875 0.193434 0.314844 0.270809 0.299219 0.282533 0.296094 0.313013 0.295312 0.771395 0.302344 0.780773 0.525781 0.889800 0.544531 0.893317 0.546875 0.898008 0.575781 0.907386 0.577344 0.912075 0.609375 0.926144
0 0.158594 0.733880 0.167969 0.735053 0.173437 0.742088 0.194531 0.749120 0.220312 0.765533 0.232813 0.766706 0.258594 0.780773 0.284375 0.780773 0.291406 0.771395 0.292969 0.713950 0.289844 0.470106 0.292187 0.459555 0.290625 0.438453 0.292969 0.432591 0.294531 0.321219 0.292187 0.301289 0.287500 0.294256 0.286719 0.284877 0.289844 0.280187 0.298438 0.280187 0.302344 0.273153 0.310937 0.270809 0.314063 0.264947 0.325781 0.260258 0.329688 0.262603 0.331250 0.257912 0.340625 0.255569 0.345313 0.249706 0.391406 0.232122 0.404687 0.223916 0.407813 0.218055 0.424219 0.215709 0.428125 0.211020 0.439063 0.208675 0.440625 0.203986 0.455469 0.200469 0.455469 0.195780 0.464844 0.193434 0.470313 0.186402 0.487500 0.184056 0.492188 0.174678 0.493750 0.098477 0.482812 0.092614 0.481250 0.086753 0.439844 0.073856 0.432812 0.079719 0.428125 0.071513 0.423438 0.071513 0.417187 0.079719 0.421094 0.083236 0.422656 0.091442 0.412500 0.094959 0.412500 0.103166 0.407813 0.099648 0.404687 0.106683 0.370312 0.106683 0.363281 0.110200 0.358594 0.106683 0.360156 0.094959 0.373437 0.090270 0.381250 0.080891 0.382031 0.067995 0.388281 0.067995 0.388281 0.059789 0.381250 0.060961 0.366406 0.051583 0.342187 0.048066 0.308594 0.036342 0.298438 0.036342 0.299219 0.039859 0.290625 0.046894 0.278125 0.041031 0.272656 0.049238 0.267188 0.042205 0.268750 0.045720 0.264062 0.055100 0.254688 0.059789 0.243750 0.056272 0.232031 0.064478 0.219531 0.066823 0.214062 0.078547 0.189062 0.066823 0.185938 0.070341 0.171875 0.070341 0.167969 0.075030 0.143750 0.066823 0.138281 0.072684 0.134375 0.071513 0.134375 0.067995 0.128906 0.071513 0.110156 0.071513 0.107031 0.076202 0.104688 0.071513 0.101562 0.083236 0.091406 0.086753 0.077344 0.083236 0.064844 0.091442 0.064062 0.097303 0.050000 0.103166 0.040625 0.098477 0.034375 0.106683 0.028125 0.117233 0.032031 0.137163 0.027344 0.153575 0.022656 0.157092 0.020313 0.165298 0.017969 0.191091 0.021094 0.451348 0.028125 0.668230 0.059375 0.682298 0.082031 0.697537 0.121094 0.710434 0.127344 0.717467 0.152344 0.726847 0.158594 0.733880
0 0.748437 0.000000 0.647656 0.048066 0.617188 0.049238 0.610156 0.064478 0.610156 0.125439 0.610938 0.134819 0.615625 0.138336 0.655469 0.147714 0.660937 0.153575 0.677344 0.155920 0.689063 0.162955 0.696875 0.161781 0.703125 0.169988 0.743750 0.179367 0.753125 0.186402 0.860938 0.221570 0.896875 0.237983 0.901563 0.257912 0.880469 0.688159 0.896094 0.689331 0.899219 0.682298 0.938281 0.647128 0.999219 0.603752 0.999219 0.100820 0.999219 0.052038 0.933484 0.025458 0.857812 0.016413 0.840625 0.004689 0.810937 0.009378 0.803906 0.000000 0.748437 0.000000
0 0.382031 0.000000 0.249912 0.000439 0.264500 0.020767 0.421094 0.056272 0.435937 0.062134 0.439063 0.069167 0.482031 0.080891 0.495312 0.092614 0.496875 0.178195 0.574219 0.140680 0.597656 0.134819 0.600781 0.130130 0.600781 0.079719 0.597656 0.056272 0.551562 0.037514 0.553125 0.016413 0.540625 0.018758 0.505469 0.012895 0.469531 0.000000 0.382031 0.000000