1 0.000000 0.364884 0.008769 0.398280 0.220216 0.339911 0.184717 0.198714 0.000000 0.246728 0.000000 0.364884
1 0.197944 0.190031 0.237334 0.337037 0.438623 0.281389 0.401112 0.135592 0.197944 0.190031
1 0.246942 0.396117 0.279148 0.527923 0.483639 0.469705 0.449683 0.340080 0.246942 0.396117
1 0.266944 0.534617 0.233847 0.408191 0.024183 0.455806 0.059755 0.579859 0.266944 0.534617
1 0.323961 0.729991 0.283250 0.586764 0.076286 0.647358 0.113405 0.782986 0.323961 0.729991
1 0.299641 0.584086 0.339627 0.727508 0.541809 0.666483 0.500670 0.521658 0.299641 0.584086
1 0.378206 0.929533 0.339077 0.789309 0.124928 0.834700 0.163164 0.980302 0.378206 0.929533
1 0.351578 0.780820 0.388959 0.923228 0.589820 0.865980 0.555177 0.727978 0.351578 0.780820
1 0.516300 0.527744 0.558592 0.673972 0.757575 0.615517 0.716175 0.463913 0.516300 0.527744
1 0.410117 0.131467 0.447166 0.284239 0.650537 0.216045 0.615892 0.078042 0.410117 0.131467
1 0.461591 0.335177 0.496867 0.461020 0.706531 0.413406 0.667830 0.274775 0.461591 0.335177
1 0.775034 0.669067 0.565203 0.721867 0.602155 0.862675 0.812153 0.804695 0.777603 0.678655 0.775034 0.669067
1 1.000000 0.624578 0.993477 0.601972 0.784338 0.663152 0.822442 0.805362 1.000000 0.762038 1.000000 0.624578
1 0.732434 0.457841 0.733256 0.469611 0.773967 0.612838 0.984392 0.556455 0.941244 0.407030 0.732434 0.457841
1 0.683336 0.277472 0.720447 0.413102 0.929850 0.358703 0.891280 0.223469 0.683336 0.277472
1 0.628394 0.069555 0.667059 0.216756 0.874844 0.167930 0.834595 0.017728 0.628394 0.069555