1 0.000000 0.203306 0.022091 0.347491 0.238483 0.311542 0.217936 0.167408 0.000000 0.200255 0.000000 0.203306
1 0.232000 0.160156 0.255808 0.310473 0.461813 0.276172 0.439745 0.127252 0.232000 0.160156
1 0.259188 0.370234 0.277441 0.504684 0.486895 0.468159 0.466675 0.335695 0.259188 0.370234
1 0.264603 0.510067 0.244900 0.380872 0.031408 0.406313 0.053819 0.533403 0.264603 0.510067
1 0.300884 0.710330 0.275367 0.563633 0.063203 0.602261 0.085941 0.741025 0.300884 0.710330
1 0.291948 0.562681 0.316723 0.709497 0.524178 0.669939 0.498403 0.521609 0.291948 0.562681
1 0.333973 0.914448 0.309717 0.770902 0.091997 0.793661 0.114805 0.942463 0.333973 0.914448
1 0.323037 0.763767 0.345328 0.909302 0.551072 0.873364 0.531044 0.732495 0.323037 0.763767
1 0.513309 0.529297 0.540086 0.679144 0.744089 0.641809 0.718764 0.486706 0.513309 0.529297
1 0.449133 0.124091 0.470006 0.279898 0.679392 0.233334 0.659366 0.092469 0.449133 0.124091
1 0.479030 0.332066 0.500958 0.460908 0.714450 0.435469 0.690452 0.293553 0.479030 0.332066
1 0.755856 0.696891 0.541656 0.727467 0.563686 0.871366 0.778595 0.835653 0.757409 0.706695 0.755856 0.696891
1 1.000000 0.764681 0.980114 0.652997 0.765725 0.691978 0.788758 0.837394 1.000000 0.808784 1.000000 0.764681
1 0.735569 0.482369 0.735153 0.494158 0.760672 0.640858 0.975837 0.606778 0.948544 0.453662 0.735569 0.482369
1 0.705594 0.297855 0.728322 0.436620 0.942264 0.404411 0.918042 0.265883 0.705594 0.297855
1 0.672684 0.085333 0.695752 0.235770 0.907500 0.208931 0.883175 0.055345 0.672684 0.085333