1 0.263398 0.281077 0.260572 0.135512 0.039794 0.141567 0.044241 0.290384 0.263398 0.281077
1 0.275413 0.130028 0.280725 0.282127 0.489373 0.273186 0.485620 0.122687 0.275413 0.130028
1 0.276797 0.341855 0.278528 0.477527 0.490873 0.466800 0.486947 0.332859 0.276797 0.341855
1 0.265130 0.481303 0.261320 0.350672 0.046319 0.349903 0.053073 0.478778 0.265130 0.481303
1 0.276736 0.684495 0.269288 0.535783 0.053997 0.548266 0.059655 0.688767 0.276736 0.684495
1 0.285861 0.536859 0.292559 0.685600 0.503287 0.671620 0.495781 0.521253 0.285861 0.536859
1 0.284703 0.891127 0.278120 0.745694 0.059250 0.741748 0.063753 0.892220 0.284703 0.891127
1 0.292211 0.740234 0.296600 0.887402 0.505191 0.876805 0.502478 0.734547 0.292211 0.740234
1 0.509641 0.530700 0.517955 0.682694 0.724988 0.670498 0.718753 0.513466 0.509641 0.530700
1 0.495323 0.120694 0.497055 0.277884 0.710555 0.257186 0.707842 0.114927 0.495323 0.120694
1 0.499652 0.330761 0.505716 0.461314 0.720717 0.462084 0.714192 0.318302 0.499652 0.330761
1 0.517953 0.876359 0.735611 0.867105 0.730300 0.736523 0.729953 0.726603 0.513623 0.730848 0.517953 0.876359
1 0.740348 0.722931 0.745486 0.870070 0.966378 0.867322 0.957891 0.710367 0.740348 0.722931
1 0.741563 0.671575 0.959278 0.663972 0.950848 0.508670 0.735961 0.511208 0.734114 0.522861 0.741563 0.671575
1 0.728695 0.324417 0.734345 0.464919 0.950617 0.459020 0.943458 0.318575 0.728695 0.324417
1 0.721933 0.109469 0.726494 0.261595 0.939936 0.260763 0.934508 0.105356 0.721933 0.109469