0 0.848750 0.676806 0.848750 0.735742 0.887500 0.735742 0.886250 0.676806 0.848750 0.676806
0 0.807500 0.674905 0.806250 0.735742 0.843750 0.735742 0.845000 0.676806 0.807500 0.674905
0 0.767500 0.678708 0.767500 0.735742 0.806250 0.735742 0.803750 0.674905 0.767500 0.678708
0 0.801250 0.669202 0.798750 0.610266 0.747500 0.604563 0.748750 0.621673 0.767500 0.640684 0.770000 0.673003 0.801250 0.669202
0 0.747500 0.602661 0.796250 0.606464 0.796250 0.564639 0.791250 0.547528 0.757500 0.534220 0.720000 0.536122 0.718750 0.543727 0.732500 0.545628 0.741250 0.555133 0.747500 0.602661
0 0.841250 0.555133 0.825000 0.536122 0.797500 0.536122 0.793750 0.543727 0.798750 0.606464 0.840000 0.608366 0.841250 0.555133
0 0.842500 0.614069 0.807500 0.610266 0.802500 0.612167 0.803750 0.669202 0.842500 0.673003 0.842500 0.614069
0 0.846250 0.614069 0.846250 0.671103 0.883750 0.671103 0.883750 0.615970 0.846250 0.614069
0 0.881250 0.610266 0.883750 0.551331 0.850000 0.539923 0.840000 0.539923 0.843750 0.606464 0.852500 0.612167 0.881250 0.610266
0 0.750000 0.773764 0.748750 0.709125 0.660000 0.712928 0.652500 0.733841 0.651250 0.750950 0.660000 0.783270 0.735000 0.781369 0.750000 0.773764
0 0.766250 0.705323 0.766250 0.642586 0.762500 0.634981 0.745000 0.621673 0.705000 0.623573 0.688750 0.627377 0.697500 0.648289 0.697500 0.707225 0.766250 0.705323
0 0.611250 0.676806 0.618750 0.707225 0.653750 0.712928 0.693750 0.705323 0.695000 0.642586 0.683750 0.627377 0.611250 0.625475 0.612500 0.636883 0.606250 0.650191 0.613750 0.657795 0.611250 0.676806
0 0.743750 0.617870 0.741250 0.557034 0.718750 0.547528 0.680000 0.551331 0.676250 0.555133 0.681250 0.570817 0.682500 0.619772 0.743750 0.617870
0 0.680000 0.619772 0.680000 0.560836 0.660000 0.558936 0.656250 0.551331 0.610000 0.553231 0.598750 0.572244 0.598750 0.595058 0.617500 0.623573 0.680000 0.619772
0 0.741250 0.532319 0.751250 0.520913 0.688750 0.520913 0.686250 0.528517 0.715000 0.543727 0.725000 0.530419 0.741250 0.532319
0 0.571250 0.659695 0.563750 0.653992 0.550625 0.684411 0.507500 0.686312 0.506250 0.813688 0.577500 0.815589 0.581250 0.695817 0.571250 0.659695
0 0.431250 0.686312 0.430000 0.811787 0.497500 0.811787 0.500000 0.688213 0.431250 0.686312
0 0.557500 0.676806 0.562500 0.623573 0.560000 0.553231 0.547500 0.536122 0.446250 0.536122 0.426250 0.553231 0.423750 0.653992 0.427500 0.680608 0.543750 0.682509 0.557500 0.676806
0 0.418750 0.665400 0.421250 0.551331 0.417500 0.547528 0.321250 0.536122 0.266250 0.557034 0.265000 0.669202 0.268750 0.674905 0.386250 0.690114 0.418750 0.665400
0 0.426250 0.758555 0.425000 0.707225 0.416250 0.674905 0.388750 0.693916 0.330000 0.686312 0.326250 0.688213 0.326250 0.806084 0.396250 0.811787 0.426250 0.758555
0 0.283750 0.682509 0.263750 0.667300 0.257500 0.684411 0.257500 0.800380 0.322500 0.807984 0.322500 0.688213 0.283750 0.682509
0 0.290000 0.526616 0.288750 0.509506 0.276250 0.503802 0.201250 0.505703 0.155000 0.517111 0.156250 0.581748 0.257500 0.576045 0.263750 0.553231 0.290000 0.526616
0 0.261250 0.615970 0.260000 0.579848 0.155000 0.585552 0.155000 0.642586 0.160000 0.650191 0.240000 0.650191 0.261250 0.615970
0 0.173750 0.653992 0.153750 0.644486 0.141250 0.655894 0.141250 0.775666 0.226250 0.779467 0.222500 0.653992 0.173750 0.653992
0 0.258750 0.644486 0.251250 0.652091 0.226250 0.655894 0.227500 0.771863 0.232500 0.779467 0.252500 0.781369 0.258750 0.644486
0 0.333750 0.532319 0.341250 0.520913 0.361250 0.513308 0.360000 0.494297 0.347500 0.486692 0.311250 0.486692 0.281250 0.496198 0.292500 0.511406 0.292500 0.534220 0.297500 0.541825 0.333750 0.532319
0 0.578750 0.617870 0.573750 0.606464 0.575000 0.593156 0.588750 0.589353 0.592500 0.577947 0.591250 0.528517 0.573750 0.522814 0.546250 0.528517 0.562500 0.568441 0.565000 0.621673 0.578750 0.617870
0 0.580000 0.625475 0.563750 0.629278 0.563750 0.644486 0.580000 0.674905 0.583750 0.633080 0.580000 0.625475
0 0.000000 0.161597 0.022500 0.178708 0.047500 0.186312 0.046250 0.110266 0.025000 0.095058 0.003750 0.093156 0.000000 0.095058 0.000000 0.161597
0 0.077500 0.207225 0.078750 0.127377 0.055000 0.106464 0.050000 0.110266 0.051250 0.186312 0.055000 0.195817 0.077500 0.207225
0 0.101250 0.218631 0.102500 0.155894 0.085000 0.142586 0.080000 0.142586 0.080000 0.203422 0.085000 0.212928 0.101250 0.218631
0 0.103750 0.155894 0.102500 0.216730 0.122500 0.228138 0.120000 0.165400 0.103750 0.155894
0 0.131250 0.193916 0.131250 0.239544 0.146250 0.245247 0.147500 0.201520 0.131250 0.193916
0 0.171250 0.195817 0.148750 0.190114 0.147500 0.245247 0.170000 0.258555 0.173750 0.247148 0.171250 0.195817
0 0.070000 0.302281 0.072500 0.269962 0.067500 0.260456 0.002500 0.252852 0.000000 0.279467 0.028750 0.288973 0.032500 0.304183 0.070000 0.302281
0 0.000000 0.342205 0.028750 0.347909 0.028750 0.292775 0.013750 0.281369 0.000000 0.285172 0.000000 0.342205
0 0.032500 0.306084 0.032500 0.347909 0.063750 0.357414 0.066250 0.313688 0.032500 0.306084
0 0.073750 0.271863 0.072500 0.309886 0.090000 0.315589 0.091250 0.277567 0.073750 0.271863
0 0.103750 0.325095 0.078750 0.315589 0.078750 0.355514 0.096250 0.359316 0.105000 0.340305 0.103750 0.325095
0 0.095000 0.359316 0.122500 0.366920 0.123750 0.290875 0.107500 0.281369 0.093750 0.283270 0.092500 0.315589 0.107500 0.328897 0.105000 0.355514 0.095000 0.359316
0 0.000000 0.420152 0.040000 0.425856 0.042500 0.382130 0.032500 0.376427 0.000000 0.376427 0.000000 0.420152
0 0.000000 0.469581 0.041250 0.471483 0.041250 0.427756 0.017500 0.425856 0.000000 0.437262 0.000000 0.469581
0 0.000000 0.519011 0.042500 0.517111 0.045000 0.498098 0.040000 0.473384 0.000000 0.473384 0.000000 0.519011
0 0.047500 0.480989 0.047500 0.513308 0.082500 0.507605 0.080000 0.480989 0.047500 0.480989
0 0.073750 0.387833 0.050000 0.382130 0.045000 0.384030 0.047500 0.477186 0.076250 0.477186 0.073750 0.387833
0 0.118750 0.463878 0.098750 0.461977 0.093750 0.465780 0.093750 0.501902 0.118750 0.501902 0.118750 0.463878
0 0.102500 0.406844 0.102500 0.458175 0.118750 0.460077 0.118750 0.404942 0.102500 0.406844
0 0.080000 0.606464 0.090000 0.589353 0.088750 0.545628 0.051250 0.541825 0.017500 0.547528 0.016250 0.591255 0.021250 0.608366 0.065000 0.614069 0.080000 0.606464
0 0.085000 0.665400 0.102500 0.650191 0.098750 0.612167 0.088750 0.604563 0.067500 0.615970 0.028750 0.617870 0.025000 0.621673 0.025000 0.659695 0.028750 0.663498 0.085000 0.665400
0 0.123750 0.587453 0.093750 0.589353 0.091250 0.608366 0.105000 0.648289 0.123750 0.642586 0.123750 0.587453
0 0.132500 0.461977 0.132500 0.498098 0.156250 0.498098 0.157500 0.465780 0.132500 0.461977
0 0.140000 0.420152 0.136250 0.425856 0.135000 0.458175 0.175000 0.458175 0.173750 0.422053 0.140000 0.420152
0 0.178750 0.461977 0.161250 0.461977 0.157500 0.463878 0.158750 0.498098 0.177500 0.496198 0.178750 0.461977
0 0.180000 0.427756 0.180000 0.492395 0.198750 0.494297 0.198750 0.435361 0.180000 0.427756
0 0.131250 0.277567 0.130000 0.366920 0.143750 0.372623 0.142500 0.281369 0.131250 0.277567
0 0.978750 0.606464 0.977500 0.644486 0.998750 0.653992 0.998750 0.610266 0.978750 0.606464
0 0.952500 0.596958 0.951250 0.634981 0.972500 0.644486 0.973750 0.602661 0.952500 0.596958
0 0.891250 0.539923 0.891250 0.574144 0.922500 0.576045 0.917500 0.539923 0.891250 0.539923
0 0.891250 0.576045 0.890000 0.610266 0.905000 0.615970 0.911250 0.583650 0.891250 0.576045
0 0.925000 0.595058 0.925000 0.625475 0.938750 0.634981 0.940000 0.598859 0.925000 0.595058
0 0.507500 0.517111 0.457500 0.520913 0.456250 0.532319 0.460000 0.534220 0.545000 0.532319 0.507500 0.517111
0 0.411250 0.494297 0.388750 0.479087 0.363750 0.482889 0.365000 0.515209 0.387500 0.513308 0.407500 0.503802 0.411250 0.494297
0 0.591250 0.484791 0.585000 0.469581 0.543750 0.467681 0.537500 0.469581 0.538750 0.479087 0.551250 0.486692 0.591250 0.484791