0 0.589533 0.000000 0.582869 0.001127 0.228689 0.087822 0.223372 0.092373 0.283959 0.315969 0.289722 0.319908 0.486667 0.348583 0.728473 0.229331 0.731527 0.202766 0.713053 0.005764 0.710873 0.000000 0.589533 0.000000
0 0.770709 0.062355 0.718325 0.072189 0.722070 0.151898 0.732667 0.200869 0.801384 0.172445 0.806330 0.153470 0.791203 0.066922 0.770709 0.062355
0 0.324187 0.451673 0.327592 0.471798 0.344652 0.514333 0.393142 0.520998 0.550402 0.575964 0.717327 0.449847 0.739350 0.434678 0.744675 0.417222 0.726947 0.242616 0.707589 0.242603 0.513720 0.344723 0.280230 0.320661 0.317372 0.424333 0.324187 0.451673
0 0.734184 0.200489 0.728095 0.227814 0.736403 0.293481 0.743805 0.355119 0.872287 0.288633 0.872703 0.232080 0.863544 0.142959 0.734184 0.200489
0 0.780845 0.613694 0.831500 0.564923 0.848964 0.557344 0.878967 0.528897 0.891128 0.506509 0.876383 0.415028 0.845127 0.437948 0.774617 0.485561 0.754720 0.502436 0.766473 0.530159 0.780845 0.613694
0 0.916061 0.690609 0.918041 0.562702 0.909348 0.501967 0.897205 0.498544 0.785169 0.605506 0.779461 0.627897 0.792659 0.764925 0.802494 0.817309 0.811602 0.821491 0.916061 0.690609
0 0.804106 0.461083 0.851966 0.433017 0.877139 0.418066 0.884748 0.390363 0.879864 0.312550 0.871152 0.284078 0.838881 0.296963 0.745473 0.355734 0.748836 0.440378 0.765881 0.495803 0.804106 0.461083
0 0.394398 1.000000 0.497408 0.913456 0.585545 0.833400 0.584806 0.804545 0.544503 0.649383 0.489862 0.624298 0.355247 0.569769 0.313103 0.568983 0.053675 0.725627 0.077953 0.770545 0.143528 0.930702 0.244078 1.000000 0.394398 1.000000
0 0.554923 1.000000 0.633494 0.980411 0.603369 0.866064 0.594277 0.836064 0.399802 1.000000 0.554923 1.000000
0 0.344647 0.520786 0.348797 0.563311 0.552845 0.663431 0.572898 0.763267 0.581622 0.772383 0.602502 0.765564 0.660981 0.721952 0.752891 0.631297 0.764667 0.613844 0.765820 0.592589 0.756770 0.498075 0.743519 0.444928 0.726816 0.449094 0.555942 0.565887 0.344647 0.520786
0 0.683598 0.967917 0.806667 0.821108 0.784969 0.633248 0.770975 0.612930 0.587473 0.789361 0.630452 0.981169 0.683598 0.967917