0 0.769714 0.444875 0.780277 0.436283 0.840356 0.188556 0.776391 0.141173 0.652737 0.130552 0.641653 0.147995 0.594242 0.378672 0.648173 0.432536 0.769714 0.444875
0 1.000000 0.492788 0.953609 0.463781 0.855850 0.457370 0.843703 0.465569 0.808389 0.607202 0.811045 0.630319 0.885597 0.702794 0.962216 0.706180 1.000000 0.554638 1.000000 0.492788
0 0.320309 0.862728 0.375333 0.972997 0.384322 0.984220 0.416031 0.992125 0.513789 0.998537 0.564511 0.990975 0.617745 0.777467 0.612975 0.756070 0.534664 0.634606 0.444339 0.635437 0.370363 0.634956 0.320309 0.862728
0 0.691048 1.000000 0.688186 0.991816 0.651861 0.948322 0.616620 0.945523 0.582980 0.950673 0.574845 1.000000 0.691048 1.000000
0 0.357183 0.681067 0.370802 0.629686 0.449095 0.636623 0.489667 0.453639 0.443123 0.383656 0.256058 0.363959 0.191067 0.367963 0.142067 0.591508 0.177516 0.665461 0.357183 0.681067
0 0.330462 0.207373 0.156591 0.161777 0.122245 0.164441 0.082725 0.336459 0.085377 0.352839 0.186681 0.363673 0.300973 0.366177 0.330462 0.207373
0 1.000000 0.118202 0.993545 0.114484 0.930659 0.103295 0.915341 0.110703 0.887937 0.227364 0.938684 0.260225 1.000000 0.271869 1.000000 0.118202
0 0.900000 0.084425 0.736172 0.045823 0.735678 0.101833 0.777963 0.121358 0.870973 0.140056 0.884180 0.134369 0.900000 0.084425
0 0.615197 0.092002 0.612545 0.075623 0.585584 0.055430 0.547533 0.045942 0.453477 0.044945 0.427138 0.170853 0.488447 0.195120 0.590961 0.202717 0.615197 0.092002
0 0.342886 0.000000 0.337217 0.024939 0.371573 0.042486 0.481423 0.041863 0.505258 0.039892 0.507614 0.000000 0.342886 0.000000
0 0.109358 0.000000 0.056753 0.210981 0.108534 0.205928 0.125581 0.149292 0.188827 0.167569 0.221003 0.000000 0.109358 0.000000