1 0.400906 0.653377 0.410208 0.758491 0.517706 0.793033 0.508677 0.690511 0.400906 0.653377
1 0.113697 0.711069 0.114514 0.718841 0.206109 0.743269 0.190583 0.645358 0.100984 0.623341 0.113697 0.711069
1 0.521759 0.325020 0.523119 0.362861 0.653247 0.363591 0.653480 0.324273 0.521759 0.325020
1 0.744175 0.672306 0.752023 0.780194 0.813731 0.727866 0.805883 0.619980 0.744175 0.672306
1 0.946937 0.450602 0.950970 0.547102 0.997817 0.527769 0.992786 0.430066 0.946937 0.450602
1 0.531855 0.246683 0.587283 0.284080 0.662259 0.225119 0.592064 0.204991 0.531855 0.246683
1 0.164008 0.201520 0.233933 0.219056 0.288055 0.160977 0.220673 0.151033 0.164008 0.201520
1 0.502378 0.148930 0.516006 0.178931 0.631687 0.166773 0.618516 0.132794 0.502378 0.148930
1 0.158067 0.111770 0.249898 0.071994 0.217550 0.046580 0.210372 0.044714 0.120994 0.082923 0.158067 0.111770
1 0.582316 0.029197 0.677773 0.057147 0.703084 0.032222 0.608217 0.001589 0.582316 0.029197
1 0.261263 0.022337 0.284931 0.056523 0.349542 0.048423 0.326011 0.015533 0.261263 0.022337
0 0.865863 0.707323 0.886067 0.682803 0.891956 0.671575 0.893512 0.649014 0.899730 0.648361 0.894331 0.641856 0.892536 0.617291 0.872381 0.216262 0.869480 0.203600 0.860975 0.197422 0.764961 0.173328 0.746069 0.172956 0.723087 0.163584 0.655453 0.155369 0.653409 0.150867 0.652222 0.154528 0.637134 0.145506 0.621472 0.145973 0.613622 0.138547 0.588923 0.135248 0.586305 0.140239 0.564183 0.139028 0.554694 0.145919 0.525169 0.149022 0.520998 0.154175 0.504927 0.158222 0.458142 0.191431 0.439984 0.198055 0.291902 0.291419 0.277587 0.304711 0.277666 0.335352 0.324802 0.791305 0.332775 0.799897 0.566386 0.884970 0.585400 0.886508 0.588222 0.890927 0.617950 0.897233 0.619994 0.901733 0.653320 0.912375 0.664197 0.911233 0.702191 0.876591 0.768895 0.801209 0.779406 0.796569 0.783087 0.786752 0.801286 0.773052 0.841939 0.726342 0.865863 0.707323
0 0.000000 0.342781 0.018631 0.501673 0.048295 0.716633 0.080844 0.727356 0.104969 0.740145 0.145166 0.748888 0.152117 0.755230 0.177959 0.761944 0.184911 0.768286 0.194358 0.768472 0.200531 0.774895 0.222245 0.779686 0.249600 0.793314 0.262155 0.793173 0.289266 0.804469 0.314905 0.801775 0.320917 0.791713 0.316467 0.734419 0.287870 0.492236 0.289098 0.481498 0.285339 0.460675 0.287056 0.454602 0.276969 0.343677 0.272555 0.324100 0.267158 0.317595 0.265400 0.308350 0.268019 0.303359 0.276566 0.302461 0.279714 0.295056 0.288016 0.291827 0.290511 0.285670 0.301675 0.279783 0.305806 0.281706 0.306869 0.276878 0.315948 0.273567 0.319997 0.267247 0.364000 0.244941 0.376352 0.235391 0.378847 0.229234 0.394917 0.225188 0.398312 0.220116 0.408945 0.216641 0.410008 0.211814 0.424403 0.206764 0.423912 0.202102 0.432992 0.198789 0.437695 0.191222 0.454544 0.187094 0.458225 0.177277 0.451814 0.101328 0.440323 0.096642 0.438156 0.090977 0.395630 0.082480 0.389248 0.089044 0.383730 0.081372 0.379067 0.081863 0.373709 0.090677 0.377962 0.093767 0.380373 0.101764 0.370641 0.106323 0.371498 0.114486 0.366469 0.111478 0.364097 0.118800 0.329909 0.122394 0.323284 0.126625 0.318256 0.123617 0.318584 0.111795 0.331302 0.105744 0.338092 0.095600 0.337520 0.082694 0.343736 0.082039 0.342878 0.073878 0.336008 0.075780 0.320266 0.068003 0.295812 0.067037 0.261177 0.058889 0.251077 0.059952 0.252220 0.063367 0.244409 0.071261 0.231366 0.066738 0.226784 0.075472 0.220611 0.069047 0.222531 0.072381 0.218850 0.082198 0.210017 0.087842 0.198772 0.085488 0.187975 0.094875 0.175789 0.098513 0.171575 0.110744 0.145486 0.101698 0.142747 0.105522 0.128761 0.106992 0.125366 0.112064 0.100422 0.106434 0.095597 0.112836 0.091589 0.112078 0.091222 0.108580 0.086150 0.112650 0.067503 0.114609 0.064884 0.119600 0.062064 0.115181 0.060181 0.127167 0.050448 0.131727 0.036095 0.129698 0.024522 0.139166 0.024358 0.145078 0.010984 0.152377 0.001170 0.148694 0.000000 0.150619 0.000000 0.342781
0 0.656902 0.000000 0.599608 0.035108 0.569428 0.039458 0.564028 0.055350 0.570400 0.115977 0.572158 0.125223 0.577187 0.128230 0.617794 0.133392 0.623845 0.138652 0.640406 0.139267 0.652795 0.145037 0.660444 0.143056 0.667517 0.150564 0.708900 0.155645 0.718958 0.161659 0.829856 0.185367 0.867313 0.197934 0.874058 0.217264 0.898053 0.647359 0.913714 0.646892 0.916088 0.639569 0.951259 0.600509 1.000000 0.557472 1.000000 0.481270 0.954758 0.050825 0.949659 0.002309 0.941616 0.000000 0.656902 0.000000
0 0.556298 0.071486 0.550739 0.048495 0.502938 0.034658 0.502286 0.013509 0.490098 0.017147 0.454522 0.014992 0.417434 0.005923 0.330412 0.015070 0.199064 0.029317 0.215697 0.048008 0.375144 0.066950 0.390519 0.071228 0.394363 0.077897 0.438320 0.085066 0.452755 0.095336 0.463255 0.180284 0.536253 0.134891 0.558950 0.126611 0.561567 0.121620 0.556298 0.071486