0 0.831223 0.000000 0.780591 0.080000 0.763713 0.216667 0.765823 0.253333 0.949367 0.393333 0.997891 0.323333 0.997891 0.000000 0.831223 0.000000
0 0.894514 0.646667 0.940928 0.416667 0.759494 0.260000 0.632911 0.423333 0.622363 0.486667 0.624472 0.583333 0.801688 0.763333 0.848102 0.683333 0.894514 0.646667
0 0.997891 0.493333 0.997891 0.390000 0.930380 0.510000 0.890295 0.630000 0.803797 0.766667 0.784809 0.833333 0.778481 0.900000 0.801688 0.873333 0.972573 0.573333 0.997891 0.493333
0 0.789030 0.763333 0.613923 0.583333 0.470464 0.786667 0.470464 0.903333 0.736287 0.906667 0.782700 0.816667 0.789030 0.763333
0 0.472573 0.776667 0.592827 0.600000 0.455697 0.453333 0.312236 0.626667 0.316456 0.713333 0.407173 0.836667 0.462025 0.893333 0.472573 0.776667
0 0.453586 0.450000 0.451477 0.293333 0.462025 0.260000 0.510548 0.206667 0.527427 0.173333 0.445148 0.103333 0.318566 0.233333 0.320675 0.316667 0.333333 0.386667 0.424050 0.480000 0.453586 0.450000
0 0.607595 0.506667 0.620253 0.440000 0.751055 0.253333 0.590717 0.116667 0.457806 0.266667 0.462025 0.450000 0.594936 0.590000 0.609705 0.566667 0.607595 0.506667
0 0.597047 0.000000 0.594936 0.020000 0.590717 0.110000 0.755275 0.246667 0.776372 0.086667 0.770042 0.043333 0.786920 0.010000 0.763713 0.000000 0.597047 0.000000
0 0.276372 0.000000 0.223628 0.070000 0.219409 0.153333 0.229958 0.180000 0.244725 0.290000 0.314345 0.370000 0.329114 0.370000 0.333333 0.353333 0.320675 0.340000 0.318566 0.316667 0.318566 0.230000 0.443037 0.100000 0.468355 0.113333 0.468355 0.143333 0.481013 0.140000 0.512658 0.186667 0.542194 0.170000 0.590717 0.110000 0.597047 0.000000 0.276372 0.000000
0 0.071730 0.466667 0.113923 0.443333 0.240506 0.290000 0.217300 0.070000 0.185655 0.040000 0.156119 0.053333 0.006330 0.190000 0.000000 0.246667 0.031645 0.383333 0.044303 0.430000 0.071730 0.466667
0 0.042194 0.000000 0.042194 0.013333 0.059072 0.106667 0.073839 0.123333 0.170886 0.036667 0.217300 0.063333 0.251055 0.030000 0.248945 0.000000 0.042194 0.000000
0 0.000000 0.716667 0.124472 0.903333 0.400844 0.906667 0.449367 0.893333 0.362869 0.780000 0.343881 0.770000 0.312236 0.710000 0.305908 0.643333 0.318566 0.603333 0.402953 0.506667 0.409283 0.486667 0.261603 0.320000 0.248945 0.313333 0.238397 0.346667 0.206752 0.366667 0.189873 0.363333 0.103375 0.466667 0.078059 0.473333 0.052742 0.450000 0.031645 0.460000 0.000000 0.493333 0.000000 0.716667
1 0.383966 0.700000 0.476794 0.590000 0.518987 0.523333 0.497891 0.506667 0.394514 0.626667 0.379747 0.666667 0.364978 0.680000 0.358650 0.750000 0.362869 0.773333 0.379747 0.793333 0.383966 0.700000
1 0.734177 0.870000 0.738397 0.856667 0.675106 0.780000 0.637131 0.713333 0.630802 0.716667 0.622363 0.690000 0.580169 0.680000 0.567511 0.663333 0.546414 0.680000 0.537975 0.693333 0.544303 0.710000 0.706752 0.893333 0.734177 0.870000
1 0.660338 0.336667 0.681434 0.350000 0.700422 0.326667 0.656119 0.253333 0.641350 0.253333 0.535866 0.180000 0.523206 0.206667 0.533755 0.206667 0.542194 0.226667 0.660338 0.336667
1 0.957806 0.380000 0.957806 0.340000 0.829114 0.246667 0.782700 0.196667 0.767933 0.200000 0.765823 0.240000 0.930380 0.380000 0.945148 0.390000 0.957806 0.380000
1 0.685655 0.000000 0.666667 0.030000 0.662447 0.063333 0.658228 0.163333 0.687764 0.190000 0.700422 0.000000 0.685655 0.000000
1 0.000000 0.713333 0.124472 0.903333 0.430380 0.900000 0.430380 0.870000 0.314345 0.720000 0.308017 0.673333 0.270042 0.626667 0.219409 0.623333 0.215191 0.576667 0.196203 0.546667 0.156119 0.546667 0.092827 0.470000 0.073839 0.483333 0.048523 0.473333 0.000000 0.536667 0.000000 0.713333
1 0.835444 0.000000 0.835444 0.010000 0.997891 0.130000 0.997891 0.090000 0.951477 0.053333 0.938819 0.056667 0.934598 0.036667 0.879747 0.000000 0.835444 0.000000