0 0.499914 0.347997 0.751194 0.250275 0.756552 0.224075 0.755319 0.026214 0.748064 0.000427 0.626033 0.010248 0.265645 0.065744 0.259952 0.069814 0.300822 0.297841 0.306219 0.302266 0.499914 0.347997
0 0.807823 0.087614 0.754780 0.092845 0.751564 0.172578 0.757853 0.222284 0.828786 0.199959 0.835367 0.181487 0.827841 0.093950 0.807823 0.087614
0 0.329069 0.436534 0.330706 0.456878 0.343992 0.500737 0.391719 0.511605 0.543589 0.580069 0.720872 0.468978 0.744133 0.455788 0.750959 0.438863 0.748516 0.263375 0.729233 0.261675 0.527202 0.346511 0.296697 0.302191 0.324661 0.408705 0.329069 0.436534
0 0.759398 0.222039 0.750950 0.248730 0.753503 0.314872 0.755505 0.376919 0.889292 0.321884 0.894636 0.265583 0.893278 0.176002 0.759398 0.222039
0 0.769869 0.637739 0.824580 0.593569 0.842639 0.587539 0.875006 0.561816 0.889072 0.540575 0.882356 0.448155 0.849222 0.468264 0.774831 0.509550 0.753539 0.524627 0.762830 0.553269 0.769869 0.637739
0 0.897866 0.726147 0.910984 0.598897 0.907620 0.537636 0.895820 0.533167 0.774887 0.629959 0.767252 0.651767 0.768456 0.789423 0.773688 0.842466 0.782395 0.847425 0.897866 0.726147
0 0.806341 0.487736 0.856464 0.463948 0.882845 0.451247 0.892841 0.424312 0.894755 0.346370 0.888558 0.317248 0.855287 0.327270 0.757113 0.377678 0.753086 0.462292 0.765234 0.518992 0.806341 0.487736
0 0.335381 1.000000 0.461381 0.911658 0.556163 0.839588 0.557941 0.810778 0.531314 0.652694 0.479069 0.622941 0.349717 0.556887 0.307802 0.552431 0.035709 0.685867 0.055980 0.732733 0.107345 0.897994 0.230762 1.000000 0.335381 1.000000
0 0.223211 1.000000 0.119073 0.911986 0.144455 1.000000 0.223211 1.000000
0 0.529347 1.000000 0.591116 0.990217 0.571072 0.873680 0.564628 0.843002 0.341489 1.000000 0.529347 1.000000
0 0.343427 0.507167 0.343855 0.549892 0.538400 0.667416 0.549675 0.768619 0.557572 0.778459 0.578966 0.773486 0.641023 0.735137 0.740484 0.652837 0.753739 0.636478 0.756739 0.615405 0.755961 0.520461 0.747392 0.466362 0.730391 0.469055 0.549988 0.570512 0.343427 0.507167
0 0.642119 0.982139 0.777514 0.846614 0.772272 0.657578 0.760102 0.636117 0.561920 0.795884 0.588019 0.990708 0.642119 0.982139