0 0.586530 0.480339 0.420992 0.518556 0.476034 0.756970 0.641572 0.718753 0.586530 0.480339
0 1.000000 0.675830 0.963373 0.517184 0.758519 0.564480 0.809694 0.786145 1.000000 0.742209 1.000000 0.675830
0 0.726900 0.315759 0.632450 0.337564 0.648919 0.408895 0.743367 0.387089 0.726900 0.315759
0 0.232453 0.639155 0.186267 0.625775 0.182169 0.668795 0.188645 0.683828 0.187548 0.705119 0.238345 0.660333 0.240797 0.649248 0.232453 0.639155
0 0.055139 0.678588 0.054589 0.689233 0.061945 0.695048 0.064617 0.671891 0.055139 0.678588
0 0.289727 0.726608 0.298986 0.731984 0.382941 0.739648 0.415586 0.690039 0.428359 0.658539 0.413317 0.645483 0.341806 0.643961 0.322592 0.664925 0.319884 0.683583 0.300011 0.701694 0.289691 0.722109 0.289727 0.726608
0 0.247422 0.643211 0.253205 0.650892 0.321019 0.666792 0.353517 0.638252 0.353152 0.632325 0.348064 0.631997 0.341916 0.618391 0.340050 0.584261 0.297964 0.566930 0.288119 0.567700 0.276553 0.591406 0.275419 0.608197 0.247422 0.643211
0 0.422064 0.626934 0.434470 0.628578 0.440034 0.609263 0.431031 0.557245 0.347223 0.567578 0.340636 0.578114 0.342795 0.609172 0.346125 0.627938 0.362117 0.640773 0.422064 0.626934
0 0.595023 0.599025 0.592572 0.571041 0.602709 0.567197 0.594330 0.513534 0.582948 0.481602 0.577531 0.479847 0.550852 0.559636 0.573906 0.659498 0.579030 0.664325 0.595023 0.599025
0 0.603077 0.494986 0.594952 0.511888 0.608748 0.567306 0.611859 0.559075 0.646444 0.552592 0.735119 0.554659 0.745695 0.565742 0.749428 0.594933 0.788222 0.519861 0.779584 0.512839 0.729995 0.510764 0.686664 0.496725 0.615080 0.486205 0.603077 0.494986
0 0.747120 0.780291 0.755869 0.644536 0.742475 0.560475 0.625436 0.548427 0.608967 0.555234 0.578078 0.664545 0.575442 0.692202 0.590959 0.763752 0.595791 0.771652 0.747120 0.780291
0 0.423055 0.435870 0.449405 0.432792 0.424191 0.340942 0.383420 0.368386 0.398534 0.429509 0.423055 0.435870
0 0.557220 0.443964 0.603847 0.394131 0.593417 0.322909 0.580975 0.277697 0.474220 0.279805 0.442270 0.297698 0.421153 0.319103 0.447502 0.433231 0.454200 0.436194 0.557220 0.443964
0 0.150806 0.563338 0.084564 0.584641 0.050344 0.753323 0.097592 0.708550 0.186667 0.674913 0.198455 0.678559 0.190806 0.558611 0.150806 0.563338
0 0.126686 0.684609 0.114097 0.699538 0.092870 0.707442 0.082659 0.741356 0.073583 0.797547 0.063042 0.830033 0.066006 0.842872 0.177298 0.812670 0.186414 0.682841 0.176350 0.656614 0.169359 0.656725 0.169433 0.665725 0.151023 0.668472 0.137153 0.682192 0.126686 0.684609