1 0.323391 0.230341 0.355861 0.088416 0.140178 0.040881 0.108489 0.186353 0.323391 0.230341
1 0.371589 0.086686 0.339947 0.235550 0.544559 0.277352 0.577328 0.130417 0.371589 0.086686
1 0.321686 0.292555 0.290544 0.424616 0.499177 0.465578 0.527769 0.334666 0.321686 0.292555
1 0.276630 0.425039 0.304536 0.297366 0.096106 0.244606 0.071484 0.371287 0.276630 0.425039
1 0.238734 0.625002 0.267483 0.478905 0.055569 0.438933 0.027067 0.576631 0.238734 0.625002
1 0.283305 0.483959 0.253820 0.629902 0.461670 0.667317 0.490766 0.519600 0.283305 0.483959
1 0.000000 0.779467 0.196477 0.827422 0.225273 0.684717 0.013859 0.627941 0.000000 0.691575 0.000000 0.779467
1 0.240267 0.682830 0.208920 0.826688 0.413880 0.866867 0.445662 0.728180 0.240267 0.682830
1 0.501928 0.532120 0.473225 0.681611 0.677056 0.719864 0.708997 0.565988 0.501928 0.532120
1 0.587225 0.130828 0.550877 0.283769 0.763042 0.315336 0.794827 0.176647 0.587225 0.130828
1 0.540606 0.335703 0.514903 0.463845 0.723333 0.516608 0.751788 0.375517 0.540606 0.335703
1 0.426370 0.869523 0.639803 0.913198 0.666239 0.785212 0.668302 0.775503 0.457372 0.727287 0.426370 0.869523
1 0.679277 0.774455 0.648667 0.918467 0.863662 0.969237 0.893397 0.814892 0.679277 0.774455
1 0.692878 0.724919 0.905966 0.770211 0.935358 0.617483 0.726241 0.567959 0.721630 0.578819 0.692878 0.724919
1 0.764380 0.384958 0.735870 0.522655 0.947145 0.569252 0.974175 0.431245 0.764380 0.384958
1 1.000000 0.218288 0.809819 0.174759 0.777441 0.323470 0.984745 0.374300 1.000000 0.302528 1.000000 0.218288