1 0.521795 0.192722 0.438370 0.204203 0.513583 0.397130 0.608316 0.382633 0.521795 0.192722
1 0.630539 0.440522 0.542595 0.454773 0.580148 0.531677 0.551811 0.618123 0.639214 0.613020 0.670947 0.526452 0.630539 0.440522
1 0.340852 0.650498 0.324298 0.701308 0.541484 0.670013 0.549269 0.620170 0.340852 0.650498
1 0.639214 0.613020 0.622931 0.659253 0.829080 0.626400 0.835741 0.579206 0.639214 0.613020
1 0.516036 0.674842 0.506436 0.681708 0.496067 0.717947 0.699967 0.690391 0.708898 0.645725 0.516036 0.674842
1 0.268897 0.615267 0.252031 0.655002 0.300934 0.744536 0.412955 0.740503 0.426675 0.688492 0.317217 0.698303 0.268897 0.615267
1 0.692303 0.369827 0.621602 0.378894 0.667175 0.492025 0.663411 0.563892 0.754770 0.557344 0.763389 0.501603 0.692303 0.369827
1 0.728661 0.319609 0.757697 0.385080 0.897975 0.369595 0.859861 0.294019 0.728661 0.319609
1 0.660166 0.307728 0.577127 0.148995 0.501884 0.153008 0.572492 0.317406 0.660166 0.307728
1 0.275311 0.269417 0.297870 0.346206 0.495023 0.334544 0.500105 0.330447 0.469633 0.256552 0.286350 0.270975 0.275311 0.269417
1 0.259719 0.361273 0.226841 0.442667 0.254167 0.504286 0.276613 0.435659 0.374470 0.425614 0.351059 0.346900 0.343436 0.353042 0.259719 0.361273
1 0.214636 0.428108 0.203122 0.459172 0.276583 0.632597 0.301947 0.596470 0.214636 0.428108
1 0.797072 0.300192 0.775952 0.231827 0.562137 0.255177 0.584113 0.325466 0.797072 0.300192
1 0.185103 0.387436 0.174628 0.384553 0.163989 0.425367 0.230933 0.594463 0.248381 0.561228 0.185103 0.387436
0 0.269928 0.786084 0.279594 0.802691 0.310144 0.801591 0.810364 0.713805 0.963925 0.485905 0.954959 0.465686 0.768062 0.140164 0.758992 0.133970 0.212381 0.171583 0.197253 0.173758 0.191192 0.182127 0.184445 0.198022 0.155869 0.456308 0.187134 0.561803 0.210514 0.628781 0.214200 0.631909 0.217503 0.649723 0.269928 0.786084