1 0.505683 0.192003 0.422973 0.207834 0.508180 0.396559 0.602025 0.377125 0.505683 0.192003
1 0.627248 0.433772 0.540170 0.452606 0.581697 0.527438 0.557922 0.615250 0.644939 0.605580 0.672097 0.517469 0.627248 0.433772
1 0.348947 0.658622 0.335075 0.710227 0.550325 0.667609 0.555491 0.617428 0.348947 0.658622
1 0.644939 0.605580 0.631097 0.652602 0.835245 0.609003 0.839425 0.561527 0.644939 0.605580
1 0.525166 0.673763 0.515937 0.681122 0.507480 0.717853 0.709658 0.679664 0.716239 0.634592 0.525166 0.673763
1 0.275247 0.627205 0.260483 0.667767 0.314006 0.754619 0.425661 0.744730 0.436641 0.692072 0.327847 0.707597 0.275247 0.627205
1 0.685227 0.359941 0.615097 0.372695 0.666530 0.483287 0.666531 0.555253 0.757423 0.543931 0.763111 0.487816 0.685227 0.359941
1 0.718908 0.307889 0.751330 0.371750 0.890605 0.348945 0.848588 0.275467 0.718908 0.307889
1 0.649884 0.299609 0.558650 0.145441 0.483722 0.153386 0.562836 0.313863 0.649884 0.299609
1 0.263552 0.281492 0.290098 0.356995 0.486370 0.335030 0.491231 0.330673 0.456933 0.258473 0.274656 0.282470 0.263552 0.281492
1 0.252787 0.374039 0.224216 0.457042 0.254730 0.517147 0.273552 0.447439 0.370750 0.432284 0.343250 0.354905 0.335959 0.361437 0.252787 0.374039
1 0.211266 0.443142 0.201392 0.474766 0.283830 0.644108 0.307267 0.606703 0.211266 0.443142
1 0.786208 0.284917 0.761537 0.217753 0.549239 0.252259 0.574862 0.321302 0.786208 0.284917
1 0.179644 0.404072 0.169031 0.401739 0.160544 0.443055 0.236245 0.608416 0.251930 0.574313 0.179644 0.404072
0 0.285216 0.797733 0.295737 0.813811 0.326189 0.811112 0.821128 0.697269 0.962552 0.461645 0.952541 0.441922 0.748862 0.126628 0.739481 0.120917 0.195587 0.187086 0.180594 0.190050 0.174980 0.198725 0.169073 0.214950 0.154055 0.474378 0.190798 0.578092 0.217652 0.643755 0.221495 0.646686 0.225725 0.664303 0.285216 0.797733