0 0.998572 0.135714 0.727142 0.162858 0.694286 0.171428 0.681428 0.180000 0.637142 0.288572 0.641428 0.382858 0.658572 0.458572 0.998572 0.452858 0.998572 0.135714
0 0.998572 0.458572 0.695714 0.458572 0.685714 0.467142 0.684286 0.507142 0.682858 0.610000 0.691428 0.625714 0.998572 0.651428 0.998572 0.458572
0 0.998572 0.812858 0.998572 0.655714 0.751428 0.628572 0.718572 0.632858 0.710000 0.718572 0.711428 0.757142 0.717142 0.762858 0.998572 0.812858
0 0.820000 0.911428 0.911428 0.920000 0.998572 0.929233 0.998572 0.902083 0.998572 0.875714 0.997142 0.821428 0.981428 0.808572 0.734286 0.764286 0.704286 0.765714 0.697142 0.800000 0.694286 0.851428 0.708572 0.897142 0.760000 0.897142 0.820000 0.911428
0 0.948572 0.998572 0.998572 0.998572 0.998572 0.933520 0.917289 0.917802 0.801534 0.904941 0.704358 0.892080 0.694355 0.846352 0.647194 0.830633 0.630045 0.886363 0.627188 0.952097 0.638620 0.998572 0.730000 0.998572 0.948572 0.998572
0 0.337142 0.194286 0.324286 0.107142 0.307142 0.087142 0.182858 0.088572 0.065714 0.098572 0.001428 0.118572 0.004286 0.268572 0.227142 0.270000 0.294214 0.226170 0.337142 0.194286
0 0.641428 0.442858 0.635761 0.240459 0.641428 0.227142 0.612858 0.224286 0.415714 0.224286 0.357142 0.261428 0.287142 0.322858 0.302858 0.421428 0.312858 0.431428 0.628572 0.450000 0.641428 0.442858
0 0.635714 0.624286 0.650000 0.527142 0.650000 0.462858 0.644286 0.447142 0.418572 0.435714 0.327142 0.435714 0.310000 0.444286 0.315714 0.518572 0.331428 0.591428 0.620000 0.634286 0.635714 0.624286
0 0.675714 0.841428 0.694286 0.834286 0.712858 0.700000 0.710000 0.630000 0.325714 0.590000 0.288572 0.638572 0.285714 0.661428 0.307142 0.784286 0.338572 0.805714 0.675714 0.841428
0 0.634286 0.998572 0.621472 0.852067 0.622900 0.834920 0.382816 0.819202 0.324225 0.813484 0.334286 0.865714 0.365714 0.968572 0.532858 0.998572 0.634286 0.998572
0 0.307142 0.955714 0.329942 0.954955 0.341373 0.927805 0.327083 0.800625 0.267142 0.835714 0.072708 0.804911 0.029836 0.810627 0.048572 0.862858 0.075714 0.911428 0.240000 0.950000 0.307142 0.955714
0 0.000000 0.799195 0.188572 0.825714 0.237142 0.835714 0.282858 0.834286 0.301359 0.799195 0.291428 0.705714 0.277066 0.653439 0.334228 0.550552 0.262775 0.623430 0.002858 0.611428 0.000000 0.687142 0.000000 0.799195
0 0.000000 0.610000 0.257142 0.624286 0.272858 0.618572 0.311428 0.574286 0.322858 0.552858 0.278494 0.317625 0.371428 0.245714 0.361428 0.204286 0.327142 0.192858 0.221331 0.273327 0.000000 0.277142 0.000000 0.610000