0 1.000000 0.198306 0.766537 0.193052 0.732880 0.197555 0.719075 0.204495 0.661887 0.306861 0.654650 0.400966 0.662439 0.478205 1.000000 0.513906 1.000000 0.198306
0 0.699305 0.482731 0.688334 0.490020 0.682042 0.529548 0.668089 0.631464 0.674681 0.648106 0.976400 0.711061 0.999905 0.519641 0.699305 0.482731
0 0.975878 0.715314 0.733886 0.658255 0.700752 0.658505 0.681797 0.742534 0.678514 0.780992 0.683491 0.787361 0.956728 0.871286 0.975878 0.715314
0 0.670381 0.788630 0.659112 0.821789 0.650009 0.872486 0.658617 0.919602 0.709663 0.925869 0.767475 0.947359 0.857177 0.967009 0.942545 0.986794 0.945853 0.959847 0.949067 0.933675 0.954266 0.879619 0.940234 0.864942 0.700331 0.790869 0.670381 0.788630
0 0.940923 1.000000 0.942022 0.991048 0.863261 0.965542 0.749937 0.938669 0.655052 0.914062 0.650695 0.867456 0.605803 0.846106 0.581991 0.899331 0.571142 0.964228 0.575420 1.000000 0.940923 1.000000
0 0.329120 0.203133 0.375614 0.176717 0.373473 0.088656 0.358895 0.066717 0.235361 0.052987 0.117873 0.048638 0.051630 0.060655 0.036184 0.209884 0.257206 0.238461 0.329120 0.203133
0 0.322609 0.409133 0.633706 0.466042 0.647339 0.460519 0.666380 0.258939 0.673627 0.246413 0.645617 0.240095 0.449944 0.216069 0.387283 0.245797 0.310317 0.298238 0.313902 0.397989 0.322609 0.409133
0 0.321542 0.570203 0.602741 0.647909 0.619556 0.639898 0.645573 0.545220 0.653408 0.481414 0.649652 0.465120 0.427013 0.426270 0.336266 0.415128 0.318206 0.421545 0.314825 0.495975 0.321542 0.570203
0 0.302517 0.783763 0.632795 0.860298 0.652098 0.855472 0.686897 0.724450 0.692592 0.654623 0.316045 0.568089 0.273259 0.611772 0.267639 0.634111 0.273934 0.758664 0.302517 0.783763
0 0.572916 1.000000 0.577659 0.864247 0.581167 0.847402 0.344789 0.802541 0.287330 0.789727 0.290952 0.842792 0.309611 0.948714 0.471852 0.998859 0.481141 1.000000 0.572916 1.000000
0 0.000000 0.770995 0.007716 0.805138 0.028736 0.856655 0.187097 0.914959 0.253042 0.928814 0.275764 0.930837 0.290419 0.905284 0.291734 0.777311 0.227966 0.804834 0.038734 0.750566 0.000000 0.750966 0.000000 0.770995
0 0.000000 0.744805 0.151198 0.785333 0.198189 0.801178 0.243736 0.805331 0.266378 0.772758 0.267912 0.678763 0.260028 0.625127 0.329303 0.529972 0.249500 0.593600 0.000000 0.551203 0.000000 0.744805
0 0.000000 0.549983 0.243806 0.593762 0.260100 0.590006 0.303781 0.550752 0.317736 0.530875 0.302372 0.291991 0.403377 0.231941 0.398500 0.189602 0.365862 0.174081 0.251033 0.241056 0.030886 0.217869 0.000000 0.469419 0.000000 0.549983