0 0.588736 0.500308 0.418842 0.500308 0.418842 0.744992 0.588736 0.744992 0.588736 0.500308
0 0.947631 0.620981 0.737387 0.620981 0.737387 0.848477 0.947631 0.848477 0.947631 0.620981
0 0.762530 0.371523 0.665595 0.371523 0.665595 0.444730 0.762530 0.444730 0.762530 0.371523
0 0.213867 0.587116 0.208008 0.575403 0.166016 0.551977 0.152344 0.592972 0.155273 0.609078 0.149414 0.629575 0.208984 0.597364 0.213867 0.587116
0 0.026367 0.573939 0.023438 0.584187 0.029297 0.591508 0.037109 0.569547 0.026367 0.573939
0 0.375000 0.666178 0.394531 0.638361 0.382812 0.622255 0.313477 0.604686 0.290039 0.620791 0.283203 0.638361 0.259766 0.651537 0.245117 0.669106 0.244141 0.673500 0.251953 0.680820 0.332031 0.707175 0.375000 0.666178
0 0.327148 0.595900 0.322266 0.594436 0.319336 0.579795 0.325195 0.546120 0.288086 0.519766 0.278320 0.518302 0.261719 0.538800 0.256836 0.554905 0.221680 0.582723 0.225586 0.591508 0.288086 0.622255 0.326172 0.601756 0.327148 0.595900
0 0.407227 0.610542 0.416992 0.592972 0.419922 0.540264 0.335938 0.531478 0.327148 0.540264 0.322266 0.571011 0.321289 0.590044 0.333984 0.606150 0.395508 0.606150 0.407227 0.610542
0 0.574219 0.590044 0.584961 0.588580 0.588867 0.534406 0.584961 0.500733 0.580078 0.497803 0.536133 0.569547 0.536133 0.672034 0.540039 0.677892 0.570312 0.617862 0.574219 0.590044
0 0.716797 0.606150 0.724609 0.619327 0.721680 0.648609 0.776367 0.584187 0.769531 0.575403 0.721680 0.562225 0.682617 0.538800 0.615234 0.512445 0.601562 0.518302 0.589844 0.532942 0.590820 0.590044 0.595703 0.582723 0.630859 0.584187 0.716797 0.606150
0 0.716797 0.698389 0.722656 0.613470 0.611328 0.575403 0.593750 0.578331 0.539062 0.677892 0.530273 0.704245 0.529297 0.777453 0.532227 0.786238 0.677734 0.828697 0.716797 0.698389
0 0.461914 0.327966 0.416016 0.345534 0.416992 0.408492 0.439453 0.420205 0.465820 0.423133 0.461914 0.327966
0 0.625000 0.420205 0.630859 0.348463 0.628906 0.301611 0.524414 0.279648 0.489258 0.289897 0.463867 0.306003 0.463867 0.423133 0.469727 0.427525 0.568359 0.458272 0.625000 0.420205
0 0.185547 0.487555 0.145508 0.483162 0.076172 0.489019 0.004883 0.645681 0.060994 0.612683 0.155352 0.599944 0.166016 0.606150 0.185547 0.487555
0 0.000000 0.736456 0.115234 0.732064 0.153320 0.607614 0.149414 0.579795 0.142578 0.578331 0.140625 0.587116 0.122070 0.585652 0.105469 0.595900 0.094727 0.595900 0.079102 0.607614 0.056641 0.610542 0.039062 0.641289 0.017578 0.693997 0.000000 0.723280 0.000000 0.736456