0 0.310919 0.781295 0.170581 0.781295 0.170581 0.886692 0.310919 0.886692 0.310919 0.781295
0 0.630353 0.668362 0.503413 0.668362 0.503413 0.746053 0.630353 0.746053 0.630353 0.668362
0 0.437802 0.507325 0.340581 0.507325 0.340581 0.594298 0.437802 0.594298 0.437802 0.507325
0 0.966280 0.707972 0.851191 0.707972 0.851191 0.761139 0.966280 0.761139 0.966280 0.707972
0 0.999992 0.816778 0.912302 0.816778 0.912302 0.888681 0.999992 0.888681 0.999992 0.816778
0 0.529413 0.494539 0.533823 0.497659 0.548530 0.499220 0.563236 0.494539 0.572059 0.489859 0.583823 0.478939 0.585294 0.474259 0.580883 0.469578 0.576470 0.468019 0.557353 0.464898 0.548530 0.468019 0.538236 0.474259 0.529413 0.474259 0.519117 0.480500 0.517647 0.482059 0.517647 0.486739 0.522059 0.492980 0.529413 0.494539
0 0.525000 0.458658 0.550000 0.458658 0.554412 0.455537 0.555883 0.450858 0.555883 0.444617 0.557353 0.443058 0.557353 0.433697 0.554412 0.429017 0.547059 0.425897 0.520587 0.425897 0.516177 0.430577 0.516177 0.450858 0.519117 0.455537 0.525000 0.458658
0 0.602941 0.549142 0.614706 0.544463 0.616177 0.542902 0.616177 0.539781 0.613236 0.538222 0.601470 0.538222 0.600000 0.536661 0.576470 0.535102 0.570588 0.536661 0.569117 0.538222 0.569117 0.544463 0.573530 0.549142 0.602941 0.549142
0 0.605883 0.609984 0.614706 0.608425 0.626470 0.613105 0.627941 0.611544 0.648530 0.613105 0.666177 0.605305 0.680883 0.591264 0.680883 0.577223 0.683823 0.567863 0.683823 0.547581 0.680883 0.544463 0.635294 0.538222 0.616177 0.542902 0.598530 0.550702 0.595587 0.556942 0.594117 0.561622 0.595587 0.602184 0.598530 0.606864 0.605883 0.609984
0 0.498530 0.585023 0.507353 0.585023 0.508823 0.586583 0.513236 0.586583 0.522059 0.583464 0.532353 0.572542 0.532353 0.558502 0.533823 0.556942 0.533823 0.547581 0.532353 0.546022 0.532353 0.541342 0.525000 0.538222 0.500000 0.538222 0.486764 0.547581 0.485294 0.550702 0.485294 0.580344 0.486764 0.581903 0.498530 0.585023
0 0.697059 0.603744 0.701470 0.603744 0.702941 0.605305 0.735294 0.605305 0.736764 0.603744 0.738236 0.600623 0.738236 0.581903 0.732353 0.572542 0.723530 0.569423 0.719117 0.569423 0.717647 0.567863 0.685294 0.567863 0.683823 0.570983 0.682353 0.575662 0.682353 0.592823 0.694117 0.602184 0.697059 0.603744
0 0.739706 0.602184 0.742647 0.603744 0.769117 0.611544 0.800000 0.614664 0.814706 0.606864 0.825000 0.594384 0.826470 0.570983 0.825000 0.561622 0.822059 0.558502 0.776470 0.552262 0.761764 0.552262 0.741177 0.564742 0.738236 0.569423 0.738236 0.580344 0.741177 0.597503 0.739706 0.602184
0 0.827941 0.591264 0.833823 0.591264 0.836764 0.588144 0.838236 0.588144 0.841177 0.581903 0.841177 0.577223 0.842647 0.575662 0.841177 0.574103 0.841177 0.569423 0.838236 0.566303 0.826470 0.563183 0.825000 0.564742 0.825000 0.591264 0.826470 0.592823 0.827941 0.591264
0 0.888236 0.603744 0.892647 0.603744 0.904412 0.613105 0.920588 0.616225 0.942647 0.616225 0.951470 0.614664 0.963236 0.606864 0.976470 0.606864 0.951470 0.589703 0.939706 0.577223 0.920588 0.569423 0.907353 0.567863 0.873530 0.578783 0.870588 0.581903 0.870588 0.586583 0.875000 0.594384 0.888236 0.603744
0 0.772059 0.697348 0.825000 0.695788 0.833823 0.700469 0.833823 0.695788 0.829412 0.686428 0.805883 0.664586 0.798530 0.661467 0.747059 0.659906 0.739706 0.663027 0.736764 0.669267 0.738236 0.672387 0.767647 0.695788 0.772059 0.697348
0 0.738236 0.748830 0.747059 0.751950 0.752941 0.751950 0.763236 0.756630 0.769117 0.756630 0.775000 0.759750 0.783823 0.758191 0.791177 0.751950 0.792647 0.747270 0.791177 0.736350 0.785294 0.730109 0.775000 0.723869 0.755883 0.716069 0.738236 0.711389 0.723530 0.712948 0.717647 0.717628 0.716177 0.728548 0.719117 0.734789 0.729413 0.744150 0.738236 0.748830
0 0.730883 0.809672 0.739706 0.809672 0.772059 0.778472 0.772059 0.772231 0.769117 0.769111 0.710294 0.755070 0.701470 0.750391 0.689706 0.753509 0.660294 0.773791 0.652941 0.781591 0.654413 0.787831 0.704412 0.795631 0.730883 0.809672
0 0.822059 0.608425 0.804412 0.613105 0.802941 0.617784 0.813236 0.620905 0.838236 0.619345 0.822059 0.608425