1 0.436255 0.198617 0.359225 0.232650 0.484702 0.397370 0.571770 0.357323 0.436255 0.198617
1 0.664973 0.570270 0.671616 0.478308 0.609089 0.406845 0.528480 0.444786 0.585773 0.508358 0.582363 0.599267 0.664973 0.570270
1 0.388500 0.688536 0.386594 0.741939 0.586739 0.651991 0.580484 0.601936 0.388500 0.688536
1 0.664973 0.570270 0.662066 0.619200 0.851172 0.530797 0.844567 0.483597 0.664973 0.570270
1 0.556294 0.710588 0.744698 0.627897 0.740973 0.582502 0.563606 0.663648 0.556272 0.672895 0.556294 0.710588
1 0.481470 0.701402 0.378958 0.741002 0.309622 0.674503 0.304361 0.717347 0.376050 0.789933 0.482619 0.755180 0.481470 0.701402
1 0.760708 0.484897 0.753627 0.428941 0.648973 0.321864 0.583511 0.350067 0.658500 0.446253 0.674691 0.516375 0.760708 0.484897
1 0.670081 0.263570 0.716037 0.318500 0.846614 0.264950 0.789142 0.202806 0.670081 0.263570
1 0.600966 0.271030 0.477389 0.141333 0.406167 0.165931 0.519355 0.304498 0.600966 0.271030
1 0.403705 0.274353 0.231498 0.338739 0.220458 0.340281 0.263309 0.407878 0.449609 0.342323 0.453366 0.336986 0.403705 0.274353
1 0.308994 0.401891 0.230789 0.432878 0.221619 0.520181 0.264872 0.571881 0.267531 0.499725 0.358830 0.463095 0.314627 0.393883 0.308994 0.401891
1 0.205875 0.509550 0.203369 0.542584 0.321786 0.689044 0.336209 0.647325 0.205875 0.509550
1 0.730489 0.226047 0.691344 0.166153 0.492250 0.247533 0.532747 0.309042 0.730489 0.226047
1 0.156434 0.520877 0.267392 0.664967 0.275006 0.628212 0.166275 0.478594 0.155411 0.478711 0.156434 0.520877
0 0.119056 0.269845 0.115538 0.279561 0.113434 0.296697 0.157156 0.552858 0.216289 0.645645 0.257227 0.703586 0.261631 0.705577 0.269716 0.721791 0.357697 0.838417 0.371564 0.851717 0.400628 0.842239 0.857273 0.619973 0.942069 0.358575 0.927877 0.341611 0.658494 0.080214 0.648069 0.076761 0.133000 0.263583 0.119056 0.269845