0 0.796558 0.267606 0.826291 0.071988 0.823161 0.045383 0.701095 0.035994 0.336462 0.034428 0.330203 0.037559 0.334898 0.269170 0.339537 0.274386 0.523694 0.349855 0.787167 0.292645 0.796558 0.267606
0 0.887323 0.150234 0.868545 0.140845 0.815336 0.137716 0.799687 0.215963 0.798122 0.266041 0.871675 0.255086 0.881064 0.237872 0.887323 0.150234
0 0.723005 0.503912 0.748044 0.494523 0.757433 0.478873 0.782472 0.305164 0.763694 0.300469 0.550878 0.352656 0.330144 0.272822 0.341102 0.382398 0.341102 0.410577 0.339537 0.430927 0.345798 0.476323 0.391236 0.494523 0.530528 0.585902 0.723005 0.503912
0 0.939120 0.241514 0.799687 0.266041 0.787167 0.291080 0.779342 0.356808 0.771614 0.418403 0.912363 0.384977 0.926447 0.330203 0.939120 0.241514
0 0.824727 0.640062 0.860720 0.619719 0.877934 0.600939 0.885759 0.508608 0.849888 0.523284 0.769953 0.552425 0.746566 0.563986 0.751261 0.593730 0.744998 0.678259 0.805947 0.643192 0.824727 0.640062
0 0.890453 0.661972 0.896714 0.600939 0.885759 0.594680 0.751173 0.671361 0.740219 0.691706 0.719875 0.827856 0.716745 0.881064 0.724570 0.887323 0.857591 0.785603 0.890453 0.661972
0 0.885759 0.511737 0.899844 0.486698 0.913928 0.410016 0.912363 0.380281 0.877934 0.384977 0.773083 0.419405 0.755869 0.502347 0.758998 0.560250 0.804487 0.535809 0.857716 0.520155 0.885759 0.511737
0 0.397459 0.900548 0.502347 0.844192 0.508611 0.816016 0.507042 0.655713 0.460094 0.618153 0.342669 0.532678 0.301966 0.521720 0.012348 0.610948 0.025039 0.660406 0.049920 0.831670 0.197077 0.998434 0.397459 0.900548
0 0.059314 0.847323 0.078100 0.998434 0.194075 0.998434 0.204905 0.998434 0.157941 0.961598 0.059314 0.847323
0 0.204905 0.998434 0.291102 0.998434 0.513306 0.998434 0.511741 0.880197 0.510175 0.848889 0.261263 0.970991 0.204905 0.998434
0 0.602505 0.754303 0.713616 0.688577 0.729264 0.674491 0.735525 0.654147 0.749609 0.560250 0.749609 0.505477 0.732394 0.505477 0.538341 0.577464 0.344233 0.482586 0.337972 0.524852 0.511737 0.671361 0.507042 0.773083 0.513302 0.784037 0.535211 0.782472 0.602505 0.754303
0 0.514872 0.801928 0.510172 0.998434 0.564945 0.998434 0.719875 0.885759 0.744269 0.698231 0.735606 0.675130 0.514872 0.801928