0 0.179325 0.788680 0.181434 0.690566 0.162447 0.664152 0.111814 0.652830 0.010548 0.701887 0.018987 0.826416 0.063291 0.864152 0.141350 0.826416 0.179325 0.788680
0 0.295359 0.777358 0.312236 0.754717 0.341772 0.750944 0.350211 0.732075 0.345992 0.701887 0.318566 0.698112 0.276372 0.656603 0.206752 0.660378 0.183544 0.701887 0.179325 0.747170 0.187764 0.860378 0.295359 0.849056 0.295359 0.777358
0 0.265823 0.645283 0.270042 0.486792 0.282700 0.471698 0.276372 0.415094 0.179325 0.400000 0.128692 0.460378 0.122362 0.501888 0.139241 0.626416 0.234177 0.656603 0.265823 0.645283
0 0.204641 0.660378 0.219409 0.656603 0.198313 0.633962 0.139241 0.622642 0.139241 0.660378 0.156119 0.664152 0.183544 0.705661 0.204641 0.660378
0 0.407173 0.671698 0.402953 0.490566 0.343881 0.460378 0.270042 0.479245 0.263713 0.513208 0.278481 0.660378 0.327005 0.705661 0.407173 0.671698
0 0.434598 0.856603 0.434598 0.720755 0.358650 0.724528 0.339662 0.758491 0.341772 0.920755 0.413502 0.939622 0.434598 0.856603
0 0.343881 0.747170 0.305908 0.754717 0.303797 0.849056 0.327005 0.894339 0.341772 0.894339 0.343881 0.747170
0 0.535866 0.818867 0.514767 0.713208 0.506330 0.701887 0.455697 0.713208 0.451477 0.732075 0.474683 0.901887 0.537975 0.886792 0.535866 0.818867
0 0.708861 0.705661 0.702531 0.690566 0.563291 0.675472 0.552742 0.679245 0.546414 0.705661 0.544303 0.886792 0.660338 0.905661 0.704641 0.898113 0.708861 0.705661
0 0.869198 0.800000 0.919831 0.845283 0.997891 0.826416 0.997891 0.600000 0.917722 0.554717 0.822784 0.562264 0.812236 0.581133 0.812236 0.660378 0.856541 0.690566 0.860759 0.784906 0.869198 0.800000
0 0.812236 0.879245 0.833333 0.841509 0.841772 0.720755 0.717300 0.683019 0.704641 0.694339 0.706752 0.833962 0.797469 0.883019 0.812236 0.879245
0 0.854430 0.788680 0.860759 0.686792 0.818566 0.667925 0.772152 0.679245 0.761603 0.686792 0.839662 0.720755 0.839662 0.807547 0.854430 0.788680
0 0.810127 0.543397 0.803797 0.532075 0.791139 0.520755 0.672995 0.532075 0.675106 0.679245 0.767933 0.683019 0.808017 0.667925 0.810127 0.543397
0 0.645570 0.679245 0.647680 0.535848 0.622363 0.535848 0.531645 0.539622 0.542194 0.664152 0.554852 0.675472 0.645570 0.679245
0 0.411392 0.611320 0.487342 0.633962 0.518987 0.607547 0.518987 0.441509 0.394514 0.426416 0.358650 0.445283 0.358650 0.467925 0.398734 0.486792 0.409283 0.532075 0.411392 0.611320
0 0.348102 0.456603 0.428270 0.418867 0.426161 0.309434 0.417722 0.286792 0.299578 0.298113 0.295359 0.403773 0.299578 0.430189 0.314345 0.449056 0.348102 0.456603
0 0.535866 0.109434 0.447258 0.109434 0.445148 0.249056 0.451477 0.271698 0.544303 0.267925 0.535866 0.109434
0 0.651898 0.124528 0.580169 0.120755 0.556963 0.135848 0.550633 0.173584 0.548523 0.267925 0.656119 0.267925 0.658228 0.147170 0.651898 0.124528
0 0.679325 0.430189 0.691983 0.441509 0.736287 0.426416 0.736287 0.279245 0.618144 0.275472 0.616034 0.366038 0.660338 0.369811 0.679325 0.392453 0.679325 0.430189
0 0.782700 0.490566 0.786920 0.381133 0.734177 0.373584 0.727848 0.388680 0.732067 0.418867 0.721519 0.433962 0.681434 0.437736 0.679325 0.475472 0.687764 0.490566 0.774261 0.501888 0.782700 0.490566
0 0.599156 0.366038 0.597047 0.271698 0.491561 0.275472 0.493670 0.418867 0.510548 0.418867 0.531645 0.369811 0.599156 0.366038
0 0.679325 0.377358 0.656119 0.366038 0.516878 0.366038 0.514767 0.433962 0.529536 0.547170 0.677216 0.528302 0.679325 0.377358
0 0.497891 0.267925 0.419831 0.267925 0.428270 0.415094 0.495781 0.418867 0.497891 0.267925
0 0.297469 0.460378 0.293248 0.381133 0.175106 0.388680 0.177216 0.411320 0.260548 0.418867 0.280591 0.467925 0.297469 0.460378
0 0.457806 0.845283 0.453586 0.758491 0.476794 0.705661 0.510548 0.701887 0.527427 0.796227 0.535866 0.796227 0.533755 0.633962 0.514767 0.618867 0.453586 0.626416 0.411392 0.615094 0.413502 0.705661 0.430380 0.732075 0.434598 0.867925 0.457806 0.845283
1 0.388186 0.603773 0.360759 0.600000 0.354430 0.611320 0.360759 0.675472 0.396625 0.652830 0.388186 0.603773