1 0.423217 0.665675 0.447056 0.768472 0.558316 0.787717 0.535106 0.687450 0.423217 0.665675
1 0.213823 0.687006 0.122033 0.677672 0.146831 0.762778 0.148722 0.770361 0.242827 0.781803 0.213823 0.687006
1 0.497195 0.323695 0.503808 0.360978 0.632770 0.343591 0.627530 0.304623 0.497195 0.323695
1 0.765780 0.636647 0.788566 0.742392 0.842391 0.681984 0.819605 0.576241 0.765780 0.636647
1 0.935712 0.388881 0.953138 0.483880 0.996838 0.458216 0.978258 0.362164 0.935712 0.388881
1 0.496289 0.244714 0.556383 0.274033 0.622423 0.205213 0.550111 0.195048 0.496289 0.244714
1 0.125738 0.251186 0.197422 0.258820 0.242934 0.193773 0.174825 0.193303 0.125738 0.251186
1 0.453495 0.152016 0.471166 0.179828 0.584030 0.151689 0.566256 0.119873 0.453495 0.152016
1 0.149827 0.089453 0.066636 0.139730 0.107364 0.163136 0.192766 0.110967 0.157195 0.090302 0.149827 0.089453
1 0.531723 0.000000 0.515991 0.022322 0.614409 0.036716 0.636006 0.008511 0.587220 0.000000 0.531723 0.000000
1 0.197108 0.060213 0.225305 0.090772 0.288159 0.073758 0.260280 0.044463 0.197108 0.060213
0 0.824633 0.155062 0.815352 0.150128 0.716919 0.139631 0.698158 0.141892 0.674097 0.135811 0.605977 0.137088 0.603327 0.132914 0.602659 0.136705 0.586464 0.129870 0.571019 0.132513 0.562211 0.126252 0.537294 0.126422 0.535395 0.131730 0.513320 0.133608 0.504883 0.141753 0.476077 0.148934 0.472664 0.154619 0.457313 0.160862 0.415605 0.200259 0.398545 0.209345 0.264898 0.322411 0.252573 0.337566 0.256914 0.367897 0.367048 0.812853 0.376141 0.820252 0.619317 0.871984 0.638361 0.870861 0.641770 0.874844 0.672086 0.876952 0.674736 0.881123 0.709220 0.887023 0.719831 0.884380 0.752634 0.844786 0.808198 0.760855 0.817961 0.754797 0.820241 0.744563 0.836355 0.728464 0.870112 0.676550 0.891156 0.654388 0.907752 0.627294 0.912020 0.615356 0.910422 0.592797 0.916488 0.591286 0.910236 0.585595 0.905039 0.561519 0.829269 0.167198 0.824633 0.155062
0 0.000000 0.478809 0.023548 0.568650 0.082841 0.777389 0.116564 0.783480 0.142234 0.792786 0.183258 0.795848 0.191023 0.801162 0.217548 0.804214 0.225316 0.809527 0.234697 0.808397 0.241703 0.813898 0.263873 0.815620 0.292858 0.825308 0.305272 0.823422 0.333691 0.830834 0.358705 0.824598 0.363258 0.813797 0.350878 0.757680 0.288855 0.521834 0.288577 0.511030 0.281955 0.490933 0.282811 0.484680 0.257383 0.376238 0.250287 0.357466 0.244037 0.351777 0.241011 0.342866 0.242909 0.337559 0.251248 0.335480 0.253336 0.327709 0.261106 0.323355 0.262720 0.316911 0.272956 0.309528 0.277316 0.310858 0.277695 0.305928 0.286227 0.301386 0.289356 0.294564 0.329827 0.266350 0.340728 0.255175 0.342342 0.248731 0.357694 0.242486 0.360350 0.236992 0.370395 0.232070 0.370777 0.227144 0.384328 0.220139 0.383194 0.215591 0.391723 0.211047 0.395328 0.202898 0.411438 0.196466 0.413717 0.186231 0.396798 0.111914 0.384767 0.108873 0.381833 0.103564 0.338537 0.101069 0.333133 0.108456 0.326600 0.101628 0.322050 0.102763 0.317972 0.112236 0.322614 0.114705 0.326114 0.122289 0.317111 0.128158 0.319095 0.136122 0.313697 0.133844 0.312367 0.141423 0.279012 0.149741 0.273041 0.154853 0.267642 0.152573 0.266322 0.140822 0.278073 0.133059 0.283386 0.122069 0.281023 0.109367 0.287087 0.107855 0.285103 0.099892 0.278564 0.102731 0.261892 0.097222 0.237542 0.099669 0.202109 0.096420 0.192256 0.098878 0.193864 0.102100 0.187228 0.111005 0.173681 0.108341 0.170361 0.117628 0.163353 0.112125 0.165719 0.115159 0.163439 0.125394 0.155478 0.132211 0.144014 0.131444 0.134630 0.142244 0.123069 0.147541 0.120597 0.160241 0.093503 0.154914 0.091323 0.159081 0.077678 0.162483 0.075022 0.167978 0.049537 0.165875 0.045650 0.172886 0.041575 0.172694 0.040725 0.169280 0.036269 0.174017 0.018077 0.178552 0.016178 0.183858 0.012770 0.179875 0.012573 0.192006 0.003570 0.197877 0.000000 0.197873 0.000000 0.478809
0 0.565200 0.000000 0.533938 0.025769 0.504658 0.034277 0.501522 0.050766 0.516269 0.109916 0.519297 0.118828 0.524695 0.121105 0.565625 0.120566 0.572350 0.124933 0.588836 0.123237 0.601908 0.127227 0.609205 0.124200 0.617255 0.130652 0.658942 0.129923 0.669739 0.134480 0.782858 0.142522 0.821698 0.149755 0.831069 0.167956 0.914687 0.590527 0.930131 0.587884 0.931462 0.580302 0.960856 0.536728 1.000000 0.490986 1.000000 0.465036 0.992528 0.411866 0.889837 0.000000 0.565200 0.000000
0 0.136486 0.075780 0.155558 0.091973 0.316091 0.088541 0.331911 0.090638 0.336645 0.096706 0.381173 0.097688 0.396897 0.105850 0.419117 0.188509 0.485088 0.133398 0.506411 0.122041 0.508308 0.116734 0.496113 0.067820 0.487408 0.045828 0.438145 0.038778 0.434558 0.017925 0.422995 0.023223 0.387464 0.026042 0.349475 0.022223 0.264573 0.043392 0.136486 0.075780