0 0.744070 0.372669 0.751856 0.361497 0.741327 0.106806 0.666778 0.078891 0.544987 0.102763 0.539141 0.122588 0.557150 0.357395 0.623837 0.394306 0.744070 0.372669
0 1.000000 0.538092 0.993767 0.359589 0.926053 0.340153 0.830316 0.360936 0.820897 0.372166 0.825992 0.518045 0.834917 0.539534 0.926556 0.588653 1.000000 0.571063 1.000000 0.538092
0 0.427252 0.898206 0.510538 0.989038 0.522273 0.997347 0.554933 0.996206 0.650670 0.975423 0.697344 0.954173 0.689664 0.734264 0.679181 0.715011 0.570425 0.619838 0.483828 0.645533 0.412584 0.665461 0.427252 0.898206
0 0.863769 0.964306 0.824488 0.932242 0.816458 0.920892 0.769552 0.889095 0.734905 0.896119 0.703987 0.910342 0.713333 0.990675 0.883164 0.984744 0.863769 0.964306
0 0.412623 0.713419 0.411553 0.660273 0.488727 0.645362 0.477289 0.458283 0.413258 0.403841 0.228009 0.436469 0.166641 0.458231 0.181155 0.686622 0.235616 0.747941 0.412623 0.713419
0 0.256372 0.265441 0.076666 0.269536 0.044386 0.281562 0.053811 0.457813 0.060875 0.472825 0.161242 0.455316 0.271795 0.426220 0.256372 0.265441
0 0.804581 0.000000 0.791945 0.011300 0.797761 0.130995 0.855600 0.148595 0.932198 0.141561 0.949705 0.127870 0.944347 0.021237 0.937434 0.010580 0.894830 0.000000 0.804581 0.000000
0 0.602300 0.000000 0.616800 0.052295 0.662827 0.059408 0.757389 0.051747 0.768516 0.042638 0.769689 0.000000 0.602300 0.000000
0 0.498275 0.076055 0.491211 0.061042 0.459728 0.049061 0.420536 0.050430 0.329848 0.075397 0.339234 0.203688 0.404858 0.210116 0.505495 0.189161 0.498275 0.076055
0 0.250441 0.095609 0.355864 0.064730 0.378231 0.056267 0.366608 0.004353 0.208208 0.009884 0.212578 0.088211 0.250441 0.095609
0 0.000000 0.342083 0.042641 0.325223 0.043417 0.266081 0.109250 0.266217 0.090520 0.057594 0.030972 0.037873 0.000000 0.038955 0.000000 0.342083