1 0.319197 0.670759 0.570312 0.650670 0.583705 0.618303 0.568080 0.546875 0.491072 0.553572 0.390625 0.574777 0.328125 0.597098 0.319197 0.670759
1 0.185267 0.745536 0.332589 0.781250 0.412947 0.758928 0.438616 0.715402 0.437500 0.670759 0.199777 0.664062 0.197545 0.659598 0.185267 0.745536
1 0.421875 0.363839 0.447545 0.338170 0.439733 0.320312 0.398438 0.268973 0.231027 0.333705 0.254464 0.430803 0.421875 0.363839
1 0.304688 0.421875 0.140625 0.488839 0.137277 0.488839 0.208705 0.587053 0.352678 0.494420 0.304688 0.421875
1 0.599330 0.515625 0.628348 0.606027 0.842634 0.506697 0.825892 0.419642 0.599330 0.515625
1 0.388392 0.223214 0.382812 0.235491 0.481027 0.387277 0.535714 0.322545 0.444197 0.202009 0.388392 0.223214
1 0.482142 0.098214 0.416295 0.122767 0.416295 0.135045 0.496652 0.258928 0.574777 0.199777 0.482142 0.098214
1 0.636161 0.159598 0.665178 0.196428 0.832589 0.184152 0.780134 0.147322 0.636161 0.159598
1 0.554688 0.671875 0.574777 0.767858 0.775670 0.646205 0.728795 0.569197 0.554688 0.671875
1 0.569197 0.529017 0.602678 0.513392 0.629464 0.484375 0.625000 0.412947 0.535714 0.347098 0.497767 0.410714 0.569197 0.529017
0 0.301563 0.896875 0.342187 0.904687 0.365625 0.926562 0.403125 0.926562 0.495312 0.890625 0.592187 0.837500 0.676562 0.817187 0.946875 0.723437 0.920312 0.435937 0.918750 0.367188 0.929688 0.310937 0.925000 0.265625 0.915625 0.246875 0.737500 0.118750 0.657813 0.092188 0.515625 0.085938 0.284375 0.153125 0.234375 0.176563 0.160938 0.167187 0.095312 0.215625 0.081250 0.231250 0.095312 0.556250 0.095312 0.599219 0.084375 0.637500 0.087500 0.660937 0.189062 0.829688 0.243750 0.865625 0.301563 0.896875