1 0.400000 0.208633 0.327692 0.251798 0.472308 0.400000 0.553847 0.349641 0.400000 0.208633
1 0.586153 0.497842 0.593847 0.588489 0.672308 0.549641 0.667692 0.457555 0.596923 0.394245 0.521539 0.441727 0.586153 0.497842
1 0.412308 0.700719 0.416923 0.753956 0.604616 0.640288 0.592308 0.591367 0.412308 0.700719
1 0.672308 0.549641 0.675384 0.598561 0.852308 0.487770 0.840000 0.441727 0.672308 0.549641
1 0.749231 0.552519 0.583077 0.654677 0.576923 0.664748 0.581539 0.702158 0.758461 0.597122 0.749231 0.552519
1 0.412308 0.802878 0.513847 0.755395 0.506153 0.702158 0.409231 0.753956 0.332308 0.696403 0.332308 0.739569 0.412308 0.802878
1 0.650769 0.427337 0.675384 0.494964 0.756923 0.453238 0.743077 0.398561 0.626153 0.305036 0.564616 0.341008 0.650769 0.427337
1 0.640000 0.244605 0.692308 0.293525 0.815384 0.224461 0.750769 0.169784 0.640000 0.244605
1 0.572308 0.260431 0.433847 0.146762 0.366153 0.179856 0.495384 0.303597 0.572308 0.260431
1 0.430769 0.349641 0.433847 0.343884 0.376923 0.287770 0.213847 0.372663 0.203077 0.375539 0.253847 0.437409 0.430769 0.349641
1 0.303077 0.417266 0.298461 0.425900 0.224616 0.466188 0.226153 0.553956 0.275384 0.600000 0.269231 0.528058 0.355384 0.480575 0.303077 0.417266
1 0.209231 0.545323 0.210769 0.578417 0.346153 0.709353 0.355384 0.666188 0.209231 0.545323
1 0.695384 0.200000 0.649231 0.145323 0.461539 0.250359 0.509231 0.306475 0.695384 0.200000
1 0.292308 0.654677 0.166153 0.519425 0.155384 0.520864 0.161539 0.562591 0.289231 0.692086 0.292308 0.654677
0 0.415384 0.864748 0.443077 0.851798 0.869231 0.575539 0.921539 0.305755 0.905384 0.290647 0.606153 0.064028 0.595384 0.061870 0.106923 0.310072 0.093847 0.317986 0.091539 0.328058 0.091539 0.345323 0.166153 0.594245 0.236153 0.679136 0.283847 0.731655 0.288461 0.733094 0.298461 0.748202 0.400000 0.853237 0.415384 0.864748