1 0.487055 0.409441 0.703631 0.661827 0.739977 0.555578 0.737644 0.520025 0.546422 0.304803 0.487055 0.409441
1 0.392023 0.596783 0.391750 0.600697 0.391113 0.609827 0.479134 0.660547 0.605573 0.327289 0.519787 0.258375 0.392023 0.596783
1 0.562861 0.262698 0.371709 0.280789 0.343164 0.289278 0.346833 0.429783 0.569498 0.402098 0.562861 0.262698
0 0.744900 0.548583 0.740184 0.538816 0.743655 0.522281 0.741678 0.484394 0.755544 0.308153 0.763637 0.148287 0.758520 0.133248 0.413720 0.101798 0.373708 0.089563 0.363478 0.103528 0.347659 0.142267 0.345103 0.156769 0.338464 0.251725 0.340473 0.256061 0.337516 0.265291 0.328903 0.366400 0.317741 0.548073 0.327828 0.558216 0.316941 0.581572 0.312264 0.582292 0.317416 0.585798 0.314789 0.623364 0.320966 0.634281 0.326267 0.657722 0.333356 0.666606 0.697230 0.689953 0.721164 0.689530 0.726059 0.685678 0.733433 0.602306 0.737777 0.573250 0.743733 0.565278 0.744900 0.548583
0 1.000000 0.169647 0.994247 0.169656 0.849295 0.202511 0.792256 0.213203 0.763645 0.214348 0.746611 0.491030 0.741800 0.603941 0.743156 0.639687 0.752694 0.646645 0.904084 0.676106 0.957434 0.685080 0.987653 0.682998 1.000000 0.506433 1.000000 0.169647
0 0.948228 0.706456 0.941761 0.699712 0.935403 0.702414 0.897253 0.696600 0.886292 0.698980 0.876059 0.690923 0.865719 0.695444 0.850042 0.688056 0.800931 0.684622 0.777619 0.687186 0.768741 0.692856 0.764209 0.691491 0.759422 0.682767 0.759931 0.675462 0.739689 0.678242 0.741591 0.695152 0.737534 0.698014 0.733992 0.715592 0.746600 0.722766 0.747478 0.732264 0.752630 0.735770 0.744266 0.756156 0.733997 0.759633 0.731588 0.772047 0.726597 0.920597 0.969777 0.938650 0.985538 0.713259 0.981152 0.709806 0.967120 0.711972 0.953819 0.703702 0.948228 0.706456
0 0.426794 0.686770 0.422481 0.682275 0.412359 0.683664 0.409839 0.686634 0.449448 0.693598 0.456539 0.702483 0.458005 0.747673 0.450677 0.885573 0.453345 0.902537 0.723528 0.920383 0.732206 0.752167 0.725664 0.746467 0.728148 0.733009 0.724748 0.726480 0.732239 0.718616 0.731397 0.697584 0.554283 0.683103 0.433370 0.680939 0.426794 0.686770
0 0.000000 0.869787 0.448047 0.901119 0.456947 0.751794 0.456284 0.717145 0.452848 0.700127 0.429900 0.697473 0.415064 0.689097 0.330836 0.669575 0.322503 0.656409 0.310591 0.650333 0.297253 0.653595 0.240286 0.641223 0.244558 0.613209 0.240794 0.611898 0.184777 0.607981 0.159163 0.610384 0.153206 0.618356 0.151638 0.629781 0.155181 0.634223 0.149153 0.643239 0.082723 0.644886 0.000000 0.655548 0.000000 0.869787
0 0.000000 0.543928 0.049900 0.562898 0.132702 0.569738 0.135991 0.566820 0.148155 0.536214 0.150050 0.487064 0.146797 0.478447 0.134811 0.473416 0.048941 0.466361 0.033155 0.471550 0.000780 0.471383 0.000000 0.482539 0.000000 0.543928
0 0.232611 0.298850 0.268055 0.299231 0.289580 0.311222 0.300211 0.302528 0.319944 0.307053 0.322648 0.312486 0.328017 0.290841 0.336886 0.197089 0.339733 0.156394 0.337867 0.149972 0.333594 0.155964 0.284994 0.145225 0.268514 0.149316 0.250864 0.148081 0.241255 0.142167 0.186991 0.135227 0.156994 0.156198 0.153305 0.175863 0.157800 0.188761 0.152686 0.195742 0.151669 0.254392 0.161973 0.261405 0.167637 0.257606 0.176189 0.267641 0.184373 0.260873 0.189453 0.265423 0.194495 0.259484 0.199098 0.259806 0.201512 0.269412 0.210264 0.271072 0.218834 0.286352 0.217375 0.307222 0.232611 0.298850
0 0.087531 0.168117 0.034477 0.199011 0.018438 0.218861 0.015155 0.265817 0.021331 0.276736 0.042891 0.277194 0.058639 0.283539 0.113963 0.286358 0.120758 0.277397 0.140123 0.265119 0.149439 0.253188 0.154402 0.182231 0.143802 0.157373 0.118406 0.156645 0.115739 0.161702 0.087531 0.168117
0 0.140031 0.431837 0.145514 0.441658 0.148948 0.436655 0.157316 0.438289 0.166411 0.407467 0.170458 0.316523 0.164173 0.318181 0.121930 0.304742 0.120213 0.296233 0.114147 0.294759 0.051077 0.292447 0.037702 0.285220 0.029042 0.287761 0.025608 0.292762 0.021077 0.291398 0.012892 0.298166 0.001291 0.464078 0.030378 0.467161 0.048683 0.459003 0.062495 0.459969 0.068233 0.455128 0.074847 0.459784 0.083542 0.445712 0.094066 0.449594 0.093663 0.444323 0.097025 0.440364 0.123333 0.439058 0.134661 0.431461 0.140031 0.431837
0 0.168275 0.413889 0.173942 0.432111 0.184392 0.437036 0.247938 0.443577 0.262480 0.434108 0.269452 0.367486 0.265684 0.344155 0.260241 0.344822 0.251470 0.337917 0.248291 0.328258 0.236488 0.331627 0.231336 0.328120 0.208828 0.341227 0.180436 0.339241 0.172727 0.350236 0.168275 0.413889