0 0.315858 0.784552 0.175541 0.787002 0.177380 0.892383 0.317697 0.889934 0.315858 0.784552
0 0.633272 0.666061 0.506350 0.668277 0.507705 0.745956 0.634627 0.743741 0.633272 0.666061
0 0.437939 0.508409 0.340733 0.510106 0.342252 0.597066 0.439456 0.595369 0.437939 0.508409
0 0.969838 0.699803 0.854767 0.701811 0.855695 0.754970 0.970766 0.752961 0.969838 0.699803
0 1.000000 0.808098 0.917767 0.809534 0.919022 0.881427 1.000000 0.880014 1.000000 0.808098
0 0.575902 0.466689 0.556731 0.463903 0.547964 0.467177 0.537780 0.473595 0.528958 0.473750 0.518775 0.480169 0.517331 0.481755 0.517413 0.486433 0.521933 0.492595 0.529312 0.494027 0.533778 0.497070 0.548508 0.498373 0.563130 0.493438 0.571870 0.488603 0.583444 0.477480 0.584831 0.472775 0.580339 0.468172 0.575902 0.466689
0 0.545758 0.425087 0.519292 0.425548 0.514962 0.430306 0.515316 0.450583 0.518339 0.455211 0.524275 0.458228 0.549270 0.457792 0.553628 0.454595 0.555016 0.449891 0.554908 0.443652 0.556350 0.442066 0.556187 0.432706 0.553164 0.428078 0.545758 0.425087
0 0.571217 0.535423 0.569773 0.537009 0.569883 0.543248 0.574377 0.547852 0.603783 0.547338 0.615464 0.542453 0.616908 0.540867 0.616853 0.537748 0.613884 0.536239 0.602122 0.536445 0.600625 0.534911 0.577072 0.533761 0.571217 0.535423
0 0.684980 0.564644 0.684627 0.544367 0.681631 0.541298 0.635941 0.535855 0.616908 0.540867 0.599400 0.548975 0.596567 0.555266 0.595178 0.559970 0.597358 0.600500 0.600380 0.605128 0.607786 0.608120 0.616581 0.606406 0.628425 0.610880 0.629869 0.609295 0.650481 0.610495 0.667989 0.602388 0.682447 0.588092 0.682203 0.574055 0.684980 0.564644
0 0.534648 0.546984 0.533152 0.545450 0.533069 0.540770 0.525662 0.537780 0.500667 0.538216 0.487597 0.547806 0.486181 0.550952 0.486698 0.580588 0.488197 0.582122 0.500014 0.585036 0.508836 0.584883 0.510333 0.586416 0.514744 0.586339 0.523513 0.583066 0.533614 0.571967 0.533369 0.557928 0.534812 0.556344 0.534648 0.546984
0 0.724706 0.565511 0.720295 0.565588 0.718798 0.564055 0.686450 0.564619 0.685034 0.567764 0.683645 0.572469 0.683945 0.589627 0.695872 0.598781 0.698839 0.600289 0.703250 0.600213 0.704748 0.601747 0.737095 0.601181 0.738539 0.599597 0.739955 0.596452 0.739628 0.577733 0.733584 0.568477 0.724706 0.565511
0 0.823031 0.552873 0.777341 0.547430 0.762638 0.547686 0.742270 0.560523 0.739411 0.565255 0.739602 0.576173 0.742842 0.593280 0.741453 0.597984 0.744420 0.599494 0.771023 0.606831 0.801956 0.609411 0.816523 0.601356 0.826598 0.588697 0.827659 0.565275 0.826027 0.555941 0.823031 0.552873
0 0.842336 0.563458 0.839341 0.560389 0.827523 0.557475 0.826080 0.559061 0.826544 0.585578 0.828041 0.587113 0.829484 0.585527 0.835366 0.585423 0.838252 0.582253 0.839722 0.582227 0.842555 0.575936 0.842472 0.571256 0.843916 0.569672 0.842417 0.568137 0.842336 0.563458
0 0.952967 0.581811 0.940986 0.569538 0.921736 0.562072 0.908475 0.560744 0.874847 0.572252 0.871961 0.575423 0.872042 0.580103 0.876591 0.587825 0.889987 0.596953 0.894398 0.596875 0.906323 0.606030 0.922553 0.608867 0.944608 0.608481 0.953403 0.606767 0.965030 0.598764 0.978262 0.598533 0.952967 0.581811
0 0.742514 0.658819 0.739683 0.665109 0.741208 0.668203 0.771023 0.691087 0.775461 0.692570 0.828367 0.690086 0.837272 0.694611 0.837189 0.689931 0.832616 0.680650 0.808708 0.659223 0.801302 0.656231 0.749812 0.655570 0.742514 0.658819
0 0.796917 0.742125 0.795256 0.731231 0.789267 0.725095 0.778866 0.719036 0.759614 0.711570 0.741888 0.707198 0.727213 0.709016 0.721413 0.713797 0.720133 0.724742 0.723181 0.730930 0.733638 0.740109 0.742542 0.744634 0.751419 0.747600 0.757300 0.747497 0.767673 0.751997 0.773556 0.751894 0.779491 0.754911 0.788286 0.753197 0.795530 0.746830 0.796917 0.742125
0 0.665048 0.770952 0.657833 0.778880 0.659411 0.785092 0.709541 0.792019 0.736252 0.805595 0.745073 0.805442 0.776878 0.773681 0.776769 0.767441 0.773773 0.764373 0.714714 0.751361 0.705809 0.746836 0.694102 0.750161 0.665048 0.770952
0 0.815298 0.615420 0.840267 0.613423 0.823902 0.602788 0.806339 0.607775 0.804950 0.612480 0.815298 0.615420