0 0.906250 0.325000 0.913750 0.316250 0.941250 0.162500 0.941250 0.138750 0.936250 0.131250 0.881250 0.128750 0.636250 0.141250 0.615000 0.150000 0.602500 0.172500 0.601250 0.296250 0.607500 0.330000 0.891250 0.328750 0.906250 0.325000
0 0.531250 0.335000 0.562500 0.327500 0.576250 0.293750 0.578598 0.171869 0.560022 0.130428 0.520000 0.150000 0.310000 0.156250 0.262500 0.162500 0.258750 0.170000 0.273750 0.330000 0.310000 0.335000 0.531250 0.335000
0 0.246250 0.333750 0.268750 0.330000 0.280000 0.318750 0.254200 0.154720 0.208750 0.158750 0.002500 0.173750 0.005000 0.252500 0.025000 0.333750 0.038750 0.337500 0.246250 0.333750
0 0.931250 0.555000 0.965000 0.365000 0.946250 0.340000 0.915000 0.325000 0.615000 0.336250 0.582886 0.323341 0.580000 0.378750 0.576250 0.421250 0.575000 0.543750 0.716250 0.558750 0.920000 0.562500 0.931250 0.555000
0 0.900000 0.703750 0.912500 0.677500 0.928750 0.620000 0.932500 0.571250 0.920000 0.562500 0.607500 0.551250 0.596250 0.558750 0.587500 0.647500 0.585000 0.696250 0.593750 0.702500 0.888750 0.712500 0.900000 0.703750
0 0.691250 0.842500 0.828750 0.848750 0.870000 0.847500 0.887500 0.835000 0.886250 0.788750 0.902500 0.723750 0.897500 0.711250 0.636250 0.701250 0.603750 0.701250 0.590000 0.708750 0.585000 0.733750 0.585000 0.822500 0.591250 0.830000 0.691250 0.842500
0 0.205611 0.800623 0.225619 0.873503 0.543750 0.878750 0.563750 0.871250 0.568750 0.793750 0.563750 0.711250 0.557500 0.701250 0.286250 0.687500 0.273750 0.691250 0.248750 0.722500 0.238480 0.742034 0.205611 0.800623
0 0.189891 0.796338 0.225619 0.752039 0.238480 0.733461 0.254200 0.707741 0.258750 0.683750 0.045000 0.671250 0.013750 0.673750 0.002500 0.682500 0.000000 0.875000 0.215000 0.876250 0.222759 0.872073 0.189891 0.796338
0 0.253750 0.541250 0.288750 0.547500 0.476250 0.552500 0.530000 0.551250 0.545000 0.543750 0.552500 0.501250 0.555000 0.340000 0.550000 0.336250 0.262500 0.338750 0.220000 0.373750 0.217500 0.395000 0.223750 0.407500 0.226250 0.440000 0.253750 0.541250
0 0.457500 0.688750 0.500000 0.696250 0.532500 0.696250 0.547500 0.687500 0.547500 0.597500 0.541250 0.558750 0.536250 0.555000 0.286250 0.543750 0.255000 0.546250 0.247500 0.556250 0.247500 0.587500 0.258750 0.647500 0.278750 0.682500 0.457500 0.688750
0 0.000000 0.533750 0.205000 0.552500 0.232500 0.546250 0.238480 0.530545 0.215616 0.479102 0.212758 0.349064 0.252500 0.343750 0.250000 0.340000 0.006250 0.340000 0.000000 0.341250 0.000000 0.533750
0 0.000000 0.612500 0.018750 0.668750 0.235000 0.682500 0.255000 0.682500 0.266250 0.676250 0.238750 0.550000 0.027500 0.532500 0.000000 0.532500 0.000000 0.612500
0 0.998750 0.641250 0.925000 0.637500 0.898750 0.733750 0.897500 0.747500 0.910000 0.756250 0.998750 0.761250 0.998750 0.641250
0 0.932500 0.637500 0.998750 0.643750 0.998750 0.411939 0.957303 0.414797 0.945000 0.463750 0.951586 0.500536 0.935866 0.547692 0.925000 0.632500 0.932500 0.637500