1 0.358331 0.122550 0.346636 0.217808 0.517739 0.288509 0.532336 0.184205 0.358331 0.122550
1 0.575417 0.197553 0.556973 0.304070 0.676856 0.340278 0.736200 0.308616 0.741333 0.208523 0.687372 0.232786 0.575417 0.197553
1 0.439281 0.395716 0.385230 0.376991 0.377298 0.376017 0.375023 0.394541 0.339105 0.650670 0.394919 0.669609 0.439281 0.395716
1 0.323016 0.832684 0.321255 0.832467 0.310164 0.900941 0.474286 0.977498 0.485309 0.902302 0.323016 0.832684
1 0.630669 1.000000 0.650962 0.973675 0.653961 0.905550 0.595961 0.948120 0.525006 0.928664 0.514795 0.997245 0.525900 1.000000 0.630669 1.000000
1 1.000000 0.441113 0.724459 0.382381 0.711600 0.501673 0.994833 0.564652 1.000000 0.512245 1.000000 0.441113
1 0.296827 0.200950 0.319167 0.113711 0.208189 0.070541 0.199742 0.139339 0.296827 0.200950
1 0.421775 0.130341 0.467831 0.090334 0.298580 0.062836 0.277637 0.080411 0.421775 0.130341
1 0.513234 0.106652 0.485450 0.143530 0.661053 0.206725 0.683133 0.179889 0.513234 0.106652
1 0.695872 0.083414 0.681100 0.101747 0.804783 0.165281 0.796472 0.247527 0.823652 0.237433 0.830780 0.142955 0.695872 0.083414
1 0.506241 0.025214 0.500302 0.029856 0.488011 0.049836 0.640495 0.090045 0.660881 0.069719 0.506241 0.025214
1 0.271973 0.884164 0.281464 0.814152 0.158198 0.739925 0.140359 0.819656 0.271973 0.884164
1 0.753831 0.208716 0.745498 0.305730 0.824927 0.241619 0.829086 0.149464 0.753831 0.208716
1 0.914839 0.135819 0.917334 0.094186 0.916248 0.093895 0.847453 0.138288 0.836106 0.216131 0.914839 0.135819
1 0.858225 0.261823 0.813933 0.251012 0.725828 0.378522 0.782198 0.400216 0.858225 0.261823
1 0.841950 0.219534 0.881208 0.220327 0.932762 0.150105 0.895036 0.144131 0.841950 0.219534
1 0.000000 0.705631 0.102867 0.768050 0.136725 0.739975 0.009611 0.667963 0.000000 0.680086 0.000000 0.705631
1 0.000000 0.666241 0.091195 0.608144 0.074084 0.587241 0.034544 0.610589 0.000000 0.629980 0.000000 0.666241
0 0.626595 1.000000 0.640298 0.984048 0.644786 0.987555 0.663614 0.954411 0.681181 0.779294 0.693098 0.714278 0.691289 0.688942 0.697772 0.660194 0.694073 0.658261 0.695248 0.640680 0.709111 0.519766 0.718553 0.458880 0.726516 0.442130 0.721772 0.432683 0.726623 0.377144 0.769584 0.299689 0.832113 0.223161 0.842114 0.197798 0.839920 0.191620 0.844078 0.181789 0.846072 0.149534 0.872422 0.151292 0.875584 0.157589 0.883798 0.146780 0.905583 0.137636 0.912703 0.095669 0.911536 0.092633 0.600945 0.009409 0.562873 0.003964 0.513234 0.015598 0.502497 0.006892 0.492686 0.013075 0.435513 0.007533 0.433292 0.017600 0.375823 0.020884 0.208284 0.071223 0.197119 0.266333 0.165019 0.647962 0.150902 0.762934 0.146309 0.768280 0.149905 0.779061 0.146050 0.818475 0.200811 0.853269 0.244937 0.870505 0.372622 0.936411 0.523031 1.000000 0.626595 1.000000
0 1.000000 0.157616 0.907597 0.145269 0.891553 0.147731 0.775580 0.298948 0.731214 0.371798 0.727234 0.380172 0.700045 0.617633 0.691697 0.709675 0.694144 0.721795 0.689194 0.730050 0.679622 0.816034 0.665803 1.000000 0.883664 1.000000 0.990197 0.602416 1.000000 0.522567 1.000000 0.157616
0 0.000000 0.883664 0.062264 0.900347 0.084622 0.870025 0.139877 0.820673 0.144063 0.794595 0.139139 0.786605 0.000000 0.712587 0.000000 0.883664
0 0.000000 0.710819 0.076267 0.753770 0.144344 0.784289 0.168419 0.564175 0.164288 0.557758 0.162731 0.538363 0.120084 0.533127 0.116462 0.538591 0.097075 0.536211 0.062105 0.524530 0.000250 0.515456 0.000000 0.515487 0.000000 0.710819