0 0.336155 0.796705 0.196352 0.808936 0.205538 0.913931 0.345341 0.901700 0.336155 0.796705
0 0.644531 0.656361 0.518072 0.667423 0.524844 0.744819 0.651302 0.733756 0.644531 0.656361
0 0.438677 0.512717 0.341827 0.521191 0.349406 0.607833 0.446256 0.599359 0.438677 0.512717
0 0.982631 0.666542 0.867981 0.676572 0.872614 0.729537 0.987264 0.719506 0.982631 0.666542
0 1.000000 0.774244 0.938342 0.779639 0.944608 0.851269 1.000000 0.846422 1.000000 0.774244
0 0.573392 0.461475 0.554075 0.460033 0.545558 0.463911 0.535847 0.471025 0.527056 0.471794 0.517345 0.478908 0.516016 0.480589 0.516423 0.485252 0.521363 0.491084 0.528823 0.491997 0.533491 0.494720 0.548277 0.494994 0.562519 0.489050 0.570902 0.483617 0.581669 0.471714 0.582727 0.466923 0.577923 0.462645 0.573392 0.461475
0 0.540422 0.422078 0.514052 0.424384 0.510064 0.429431 0.511831 0.449636 0.515170 0.454041 0.521302 0.456637 0.546206 0.454458 0.550330 0.450966 0.551386 0.446175 0.550842 0.439958 0.552172 0.438275 0.551356 0.428952 0.548019 0.424545 0.540422 0.422078
0 0.573516 0.530370 0.572186 0.532052 0.572730 0.538269 0.577533 0.542547 0.606833 0.539983 0.618144 0.534295 0.619473 0.532613 0.619202 0.529505 0.616136 0.528206 0.604416 0.529233 0.602814 0.527806 0.579239 0.528303 0.573516 0.530370
0 0.689039 0.551583 0.687270 0.531380 0.684069 0.528528 0.638111 0.526284 0.619473 0.532613 0.602573 0.541922 0.600187 0.548395 0.599130 0.553184 0.604130 0.593464 0.607469 0.597870 0.615066 0.600337 0.623719 0.598014 0.635847 0.601652 0.637177 0.599969 0.657822 0.599730 0.674722 0.590420 0.688148 0.575152 0.686925 0.561164 0.689039 0.551583
0 0.537842 0.544453 0.536241 0.543027 0.535833 0.538364 0.528236 0.535897 0.503331 0.538077 0.490963 0.548555 0.489769 0.551791 0.492353 0.581319 0.493953 0.582745 0.505945 0.584828 0.514736 0.584059 0.516336 0.585484 0.520731 0.585100 0.529248 0.581223 0.538553 0.569447 0.537328 0.555459 0.538658 0.553778 0.537842 0.544453
0 0.728730 0.549677 0.724334 0.550061 0.722733 0.548636 0.690503 0.551455 0.689311 0.554692 0.688253 0.559481 0.689748 0.576578 0.702284 0.584877 0.705352 0.586175 0.709745 0.585791 0.711347 0.587216 0.743577 0.584397 0.744906 0.582714 0.746098 0.579478 0.744467 0.560828 0.737791 0.552016 0.728730 0.549677
0 0.825933 0.530211 0.779973 0.527967 0.765323 0.529248 0.745902 0.543477 0.743380 0.548395 0.744331 0.559273 0.748756 0.576113 0.747700 0.580903 0.750766 0.582202 0.777816 0.587666 0.808852 0.588081 0.822822 0.579030 0.831989 0.565698 0.831414 0.542259 0.829134 0.533062 0.825933 0.530211
0 0.845928 0.539423 0.842727 0.536572 0.830734 0.534489 0.829406 0.536170 0.831717 0.562591 0.833319 0.564017 0.834647 0.562334 0.840508 0.561822 0.843166 0.558458 0.844630 0.558330 0.847017 0.551856 0.846609 0.547194 0.847937 0.545511 0.846336 0.544086 0.845928 0.539423
0 0.957570 0.550014 0.944763 0.538606 0.925039 0.532502 0.911717 0.532102 0.878975 0.545928 0.876316 0.549292 0.876725 0.553955 0.881798 0.561341 0.895800 0.569512 0.900195 0.569128 0.912731 0.577427 0.929117 0.579125 0.951092 0.577203 0.959747 0.574880 0.970786 0.566084 0.983972 0.564931 0.957570 0.550014
0 0.753003 0.641514 0.750616 0.647987 0.752353 0.650967 0.783692 0.671716 0.788223 0.672886 0.840827 0.666717 0.850025 0.670611 0.849617 0.665948 0.844406 0.657008 0.819063 0.637302 0.811466 0.634833 0.760055 0.637766 0.753003 0.641514
0 0.813084 0.720823 0.810667 0.710072 0.804264 0.704369 0.793466 0.699050 0.773741 0.692945 0.755753 0.689820 0.741239 0.692656 0.735786 0.697831 0.735273 0.708839 0.738747 0.714798 0.749817 0.723227 0.759016 0.727119 0.768078 0.729459 0.773937 0.728945 0.784600 0.732711 0.790461 0.732198 0.796592 0.734794 0.805247 0.732470 0.812028 0.725614 0.813084 0.720823
0 0.683547 0.758778 0.676902 0.767191 0.678911 0.773278 0.729400 0.776691 0.756994 0.788372 0.765783 0.787602 0.795294 0.753700 0.794750 0.747483 0.791548 0.744631 0.731725 0.735772 0.722527 0.731878 0.711078 0.736011 0.683547 0.758778
0 0.822581 0.593144 0.847350 0.589411 0.830283 0.579942 0.813111 0.586142 0.812055 0.590933 0.822581 0.593144