1 0.000000 0.274069 0.017059 0.364261 0.232066 0.320784 0.206500 0.177455 0.000000 0.215992 0.000000 0.274069
1 0.220303 0.169716 0.249342 0.319111 0.454022 0.277641 0.426773 0.129583 0.220303 0.169716
1 0.254805 0.378719 0.277739 0.512448 0.485792 0.468636 0.460961 0.336958 0.254805 0.378719
1 0.265097 0.518277 0.240898 0.389848 0.028423 0.422722 0.055258 0.548955 0.265097 0.518277
1 0.308345 0.717150 0.277725 0.571434 0.067039 0.617441 0.094605 0.755328 0.308345 0.717150
1 0.294262 0.569905 0.324147 0.715766 0.530094 0.668992 0.499158 0.521650 0.294262 0.569905
1 0.348539 0.919991 0.319288 0.777378 0.102495 0.807720 0.130480 0.955636 0.348539 0.919991
1 0.332352 0.769781 0.359706 0.914452 0.564072 0.871353 0.539139 0.731272 0.332352 0.769781
1 0.514325 0.528813 0.546314 0.677636 0.748889 0.633203 0.718167 0.479080 0.514325 0.528813
1 0.436044 0.126094 0.462344 0.281078 0.669977 0.227236 0.645045 0.087155 0.436044 0.126094
1 0.473183 0.332898 0.499592 0.460897 0.712067 0.428023 0.683131 0.287031 0.473183 0.332898
1 0.576608 0.868917 0.790139 0.825727 0.764464 0.697584 0.762570 0.687841 0.549569 0.725875 0.576608 0.868917
1 1.000000 0.705387 0.985163 0.636147 0.772264 0.682588 0.800356 0.827112 1.000000 0.792939 1.000000 0.705387
1 0.765428 0.631675 0.979273 0.590108 0.946653 0.438036 0.734809 0.474158 0.734808 0.485956 0.765428 0.631675
1 0.698412 0.290802 0.725972 0.428691 0.938658 0.389033 0.909616 0.251436 0.698412 0.290802
1 0.658108 0.079558 0.686409 0.229100 0.897095 0.194887 0.867423 0.042242 0.658108 0.079558