0 0.267219 0.751281 0.477734 0.889075 0.571895 0.935820 0.800478 0.787972 0.846453 0.742442 0.919942 0.351659 0.926133 0.301245 0.917597 0.284205 0.691423 0.170077 0.638141 0.153938 0.325480 0.259478 0.267219 0.751281
0 0.200950 0.000000 0.092841 0.042206 0.069739 0.074552 0.063389 0.108955 0.010637 0.607833 0.219058 0.745369 0.250467 0.749225 0.266581 0.687234 0.316791 0.278313 0.328734 0.250283 0.528413 0.182045 0.540952 0.097227 0.499300 0.072922 0.477495 0.025466 0.467025 0.024181 0.450978 0.050997 0.371634 0.022064 0.352630 0.003737 0.282755 0.001555 0.279220 0.000000 0.200950 0.000000
0 1.000000 0.094327 0.951508 0.077270 0.900159 0.045378 0.789178 0.031752 0.772973 0.042556 0.698136 0.046161 0.668206 0.064875 0.653959 0.146284 0.659467 0.153358 0.908287 0.273466 0.929000 0.295200 0.858472 0.731123 0.981992 0.659933 1.000000 0.513270 1.000000 0.094327
0 0.350306 0.000000 0.476880 0.047780 0.540406 0.084366 0.537563 0.176772 0.641008 0.147894 0.653548 0.063075 0.672075 0.033366 0.740630 0.028989 0.518567 0.000000 0.350306 0.000000
0 0.057637 0.000000 0.053055 0.037320 0.168092 0.000000 0.057637 0.000000
1 0.084677 0.524169 0.073844 0.612394 0.154280 0.667048 0.163406 0.575414 0.084677 0.524169
1 0.235095 0.130038 0.164128 0.102133 0.143506 0.131586 0.115947 0.304117 0.181178 0.344111 0.205484 0.180777 0.218117 0.147144 0.235095 0.130038
1 0.455466 0.291431 0.428791 0.300948 0.419800 0.322234 0.392400 0.510777 0.467714 0.555208 0.499144 0.351167 0.529848 0.326152 0.455466 0.291431
1 0.373509 0.629998 0.359422 0.727420 0.449555 0.789663 0.464416 0.685939 0.373509 0.629998
1 0.747355 0.787845 0.768111 0.688044 0.712280 0.709975 0.692980 0.745986 0.685787 0.821866 0.747355 0.787845
1 0.941022 0.578139 0.930803 0.644052 0.970816 0.629773 0.984381 0.605852 0.996306 0.543347 0.950786 0.550552 0.941022 0.578139
1 0.559711 0.342611 0.552814 0.364155 0.558322 0.371227 0.683188 0.392956 0.681708 0.370384 0.661928 0.358361 0.559711 0.342611
1 0.616088 0.333542 0.611127 0.339330 0.618728 0.346659 0.683414 0.373792 0.721720 0.356108 0.653620 0.322158 0.616088 0.333542
1 0.593577 0.257214 0.592030 0.269817 0.642058 0.295150 0.688739 0.278494 0.703625 0.261130 0.653983 0.232645 0.593577 0.257214
1 0.562781 0.231044 0.625055 0.225895 0.599220 0.193938 0.570678 0.184036 0.531053 0.195162 0.562781 0.231044
1 0.298370 0.099425 0.243084 0.134217 0.295206 0.159808 0.358867 0.126045 0.298370 0.099425
1 0.201408 0.023552 0.132080 0.034230 0.097575 0.055581 0.104017 0.072364 0.227334 0.106695 0.258425 0.078528 0.268575 0.047791 0.201408 0.023552
1 0.273397 0.000000 0.237233 0.008759 0.235686 0.021364 0.263455 0.037567 0.348988 0.016084 0.328970 0.000000 0.273397 0.000000
1 0.419183 0.050291 0.409419 0.077878 0.378169 0.090033 0.391666 0.101286 0.474491 0.101859 0.484255 0.074273 0.467344 0.056205 0.419183 0.050291
1 0.687280 0.048027 0.686119 0.057480 0.762208 0.095608 0.789430 0.098950 0.799353 0.087375 0.725745 0.046352 0.687280 0.048027
1 0.695225 0.173741 0.656600 0.159403 0.588045 0.163780 0.582697 0.172719 0.593712 0.186864 0.692130 0.198948 0.701666 0.190523 0.695225 0.173741
1 0.381922 0.000000 0.387453 0.014411 0.401338 0.022512 0.447792 0.025017 0.444903 0.000000 0.381922 0.000000