0 0.927739 0.054672 0.665148 0.128536 0.634278 0.142683 0.623105 0.153356 0.598345 0.267969 0.618939 0.360078 0.648969 0.431666 0.982811 0.366997 0.927739 0.054672
0 1.000000 0.464483 0.983803 0.372625 0.685547 0.425216 0.677187 0.435394 0.682727 0.475033 0.699180 0.576577 0.710350 0.590562 1.000000 0.564130 1.000000 0.464483
0 1.000000 0.567950 0.769934 0.582958 0.738322 0.592884 0.744764 0.678784 0.752869 0.716522 0.759489 0.721158 1.000000 0.721469 1.000000 0.567950
0 1.000000 0.720208 0.776619 0.719588 0.747323 0.726203 0.746242 0.761209 0.752359 0.812352 0.774366 0.854891 0.825013 0.845961 0.886583 0.849611 0.978111 0.842175 1.000000 0.840662 1.000000 0.720208
0 1.000000 0.839264 0.983500 0.838992 0.867270 0.846427 0.769336 0.850638 0.751545 0.807341 0.702372 0.800050 0.695161 0.857911 0.703761 0.923142 0.723091 0.966927 0.813081 0.951058 1.000000 0.918098 1.000000 0.839264
0 0.000000 0.353352 0.191348 0.320875 0.249791 0.266064 0.286530 0.227209 0.258736 0.143623 0.238381 0.126905 0.116231 0.149894 0.002605 0.180083 0.000000 0.181427 0.000000 0.353352
0 0.303792 0.464967 0.617936 0.428433 0.629358 0.419167 0.588630 0.220828 0.591898 0.206730 0.563266 0.208877 0.369117 0.243111 0.317886 0.289859 0.259616 0.362511 0.292208 0.456856 0.303792 0.464967
0 0.349866 0.619311 0.641495 0.611408 0.655234 0.598831 0.652434 0.500683 0.641272 0.437373 0.632916 0.422891 0.408645 0.450831 0.318606 0.466708 0.303212 0.478125 0.321739 0.550291 0.349866 0.619311
0 0.394111 0.829102 0.732333 0.805730 0.749383 0.795470 0.744353 0.660000 0.729384 0.591559 0.343991 0.618897 0.315847 0.673180 0.317002 0.696186 0.359439 0.813456 0.394111 0.829102
0 0.718822 0.967678 0.680762 0.825625 0.679191 0.808491 0.440025 0.834702 0.381331 0.839245 0.400309 0.888934 0.449120 0.984772 0.618934 0.985292 0.718822 0.967678
0 0.153605 0.978855 0.322092 0.988312 0.389206 0.982280 0.411527 0.977573 0.418070 0.948850 0.381912 0.826084 0.328977 0.871050 0.132147 0.874478 0.090919 0.887552 0.118439 0.935734 0.153605 0.978855
0 0.287811 0.662748 0.029759 0.696064 0.040094 0.771123 0.059552 0.881475 0.249863 0.874845 0.299433 0.876259 0.344205 0.866914 0.356333 0.829144 0.330319 0.738808 0.307097 0.689820 0.345525 0.578569 0.287811 0.662748
0 0.000000 0.543744 0.026697 0.695153 0.282414 0.664569 0.296898 0.656212 0.327194 0.605902 0.334727 0.582814 0.250191 0.358861 0.329225 0.271903 0.312183 0.232841 0.276434 0.227539 0.186203 0.325161 0.000000 0.361314 0.000000 0.543744