0 0.688617 0.000000 0.678920 0.027645 0.693219 0.164606 0.703522 0.199858 0.913855 0.294981 0.945388 0.215861 0.895553 0.000000 0.688617 0.000000
0 0.917397 0.554161 0.910881 0.319616 0.698855 0.207778 0.612259 0.395400 0.616228 0.459483 0.640028 0.553197 0.853192 0.688719 0.880420 0.600328 0.917397 0.554161
0 0.976958 0.465148 0.983630 0.381503 0.960384 0.280819 0.921598 0.412930 0.909536 0.538870 0.855998 0.691492 0.852494 0.760722 0.861323 0.827103 0.877938 0.795900 0.976958 0.465148
0 0.535708 0.785964 0.561952 0.899641 0.821711 0.843091 0.846689 0.744956 0.840859 0.691567 0.629750 0.555570 0.535708 0.785964
0 0.612942 0.576556 0.446334 0.464495 0.345542 0.665658 0.369150 0.749155 0.485286 0.848919 0.551480 0.891795 0.535513 0.775745 0.612942 0.576556
0 0.312111 0.427063 0.421498 0.497597 0.443528 0.461722 0.406231 0.309545 0.409011 0.274694 0.444292 0.211813 0.453239 0.175536 0.357323 0.125839 0.263228 0.280981 0.284030 0.361705 0.312111 0.427063
0 0.606337 0.482292 0.603673 0.414488 0.689133 0.203180 0.502161 0.106084 0.406398 0.282139 0.451752 0.459823 0.612748 0.566338 0.621889 0.540280 0.606337 0.482292
0 0.483187 0.000000 0.484527 0.010947 0.500661 0.099589 0.691744 0.195736 0.676308 0.035091 0.662620 0.000000 0.483187 0.000000
0 0.443033 0.000000 0.169628 0.063120 0.133983 0.143191 0.148617 0.225338 0.164895 0.248948 0.204028 0.352806 0.289861 0.415095 0.304250 0.411773 0.304613 0.394584 0.289280 0.384441 0.281975 0.362180 0.262478 0.277734 0.354517 0.123066 0.382184 0.130362 0.388933 0.159594 0.400517 0.153498 0.441848 0.191850 0.466878 0.168966 0.500661 0.099589 0.483627 0.000000 0.443033 0.000000
0 0.000000 0.456053 0.017405 0.491680 0.040236 0.534303 0.075208 0.563861 0.111072 0.531634 0.199917 0.353756 0.127816 0.144614 0.090233 0.122502 0.064453 0.142137 0.000000 0.235489 0.000000 0.456053
0 0.000000 0.228831 0.000031 0.228853 0.075094 0.122577 0.126317 0.138119 0.151708 0.098047 0.142905 0.069291 0.000000 0.102283 0.000000 0.228831
0 0.346461 0.641498 0.406941 0.528327 0.408608 0.507416 0.227222 0.378241 0.213389 0.374592 0.210609 0.409445 0.184273 0.436050 0.167078 0.436600 0.106042 0.556742 0.082875 0.568933 0.052958 0.551892 0.034652 0.566381 0.011316 0.605980 0.061555 0.823589 0.224828 0.977472 0.494866 0.918548 0.539145 0.894642 0.429370 0.803672 0.408620 0.798198 0.364289 0.746855 0.343125 0.683322 0.346461 0.641498
1 0.427870 0.797175 0.448814 0.812866 0.431930 0.720977 0.497634 0.592914 0.523750 0.518464 0.499444 0.506970 0.425713 0.647150 0.420320 0.689445 0.408931 0.705759 0.418511 0.775389 0.427870 0.797175
1 0.585716 0.664945 0.580492 0.679836 0.590408 0.694652 0.789933 0.836744 0.811408 0.807839 0.812519 0.793898 0.733603 0.733433 0.681606 0.677017 0.676189 0.681689 0.661967 0.657605 0.618605 0.657353 0.602522 0.643961 0.585716 0.664945
1 0.479627 0.224181 0.619486 0.304784 0.643042 0.313031 0.656294 0.286023 0.596630 0.224536 0.582239 0.227858 0.462961 0.180134 0.456627 0.208964 0.466905 0.206592 0.479627 0.224181
1 0.919078 0.280092 0.910080 0.241117 0.763691 0.179125 0.707220 0.140847 0.693580 0.147417 0.700522 0.186867 0.892355 0.286261 0.908994 0.292683 0.919078 0.280092
1 0.558266 0.000000 0.556669 0.004555 0.560055 0.037983 0.578439 0.136369 0.613217 0.155708 0.588030 0.000000 0.558266 0.000000
1 0.239736 0.638770 0.214486 0.613811 0.175430 0.622827 0.096514 0.562362 0.081013 0.579625 0.054095 0.575577 0.021063 0.648203 0.060805 0.820341 0.224828 0.977472 0.522145 0.905409 0.515395 0.876178 0.368594 0.756125 0.351930 0.712078 0.304430 0.675150 0.254345 0.683292 0.239736 0.638770