0 0.619500 0.178313 0.611775 0.301828 0.616250 0.335859 0.899677 0.349461 0.914852 0.346502 0.922800 0.338156 0.958309 0.186056 0.959552 0.162339 0.954952 0.154588 0.900158 0.149212 0.654839 0.148872 0.633159 0.156498 0.619500 0.178313
0 0.276352 0.157827 0.282958 0.318392 0.318895 0.325283 0.539842 0.336861 0.571442 0.331008 0.586939 0.298023 0.595664 0.176431 0.579281 0.134075 0.538291 0.151527 0.328252 0.146777 0.280489 0.150533 0.276352 0.157827
0 0.047887 0.313583 0.255298 0.320697 0.277964 0.318130 0.289787 0.307484 0.272608 0.142330 0.227009 0.143975 0.020256 0.148159 0.018631 0.226933 0.034352 0.309119 0.047887 0.313583
0 0.572608 0.547616 0.712878 0.569987 0.916153 0.584395 0.927781 0.577494 0.971428 0.389522 0.954012 0.363573 0.923591 0.346959 0.623412 0.342494 0.592019 0.327922 0.586236 0.383103 0.580267 0.425348 0.572608 0.547616
0 0.574612 0.700430 0.583023 0.707130 0.877095 0.732555 0.888789 0.724405 0.902645 0.698845 0.921883 0.642275 0.928178 0.593788 0.916153 0.584395 0.604670 0.556806 0.593044 0.563706 0.579661 0.651877 0.574612 0.700430
0 0.593075 0.706405 0.578952 0.713173 0.572650 0.737878 0.568005 0.826506 0.573855 0.834323 0.673063 0.852041 0.810047 0.865478 0.851306 0.866388 0.869436 0.854820 0.870609 0.808569 0.890237 0.744508 0.885900 0.731764 0.625531 0.708105 0.593075 0.706405
0 0.264052 0.679147 0.237450 0.709045 0.226172 0.728016 0.190281 0.784805 0.206447 0.858631 0.523867 0.880520 0.544233 0.874078 0.553283 0.796945 0.552606 0.714297 0.546889 0.703983 0.276730 0.676056 0.264052 0.679147
0 0.000000 0.849422 0.195698 0.860819 0.203667 0.857055 0.174808 0.779702 0.212805 0.737333 0.226620 0.719455 0.243664 0.694591 0.249464 0.670872 0.036661 0.647203 0.005323 0.648064 0.000000 0.651773 0.000000 0.849422
0 0.271264 0.326541 0.226991 0.359269 0.223383 0.380359 0.228970 0.393169 0.229766 0.425755 0.251928 0.528306 0.286553 0.536380 0.473534 0.551184 0.527277 0.552750 0.542648 0.546045 0.552362 0.503995 0.563298 0.343098 0.558502 0.339091 0.271264 0.326541
0 0.252916 0.533364 0.244902 0.542958 0.243267 0.574166 0.251361 0.634672 0.269502 0.670670 0.447680 0.686267 0.489730 0.695981 0.522184 0.697681 0.537622 0.689730 0.542333 0.599852 0.538119 0.560828 0.533322 0.556822 0.284253 0.532503 0.252916 0.533364
0 0.000000 0.507692 0.202656 0.536989 0.230445 0.532188 0.237239 0.516816 0.217098 0.464247 0.221050 0.334238 0.261017 0.331011 0.258716 0.327136 0.015300 0.314378 0.008994 0.315300 0.000000 0.486908 0.000000 0.507692
0 0.000000 0.605020 0.010578 0.643333 0.225813 0.668381 0.245784 0.669428 0.257347 0.663775 0.236491 0.536259 0.026447 0.507727 0.000000 0.506341 0.000000 0.605020
0 0.885970 0.754298 0.884002 0.767964 0.896027 0.777356 0.984394 0.786994 0.990673 0.667159 0.917222 0.659555 0.885970 0.754298
0 1.000000 0.438206 0.961134 0.438847 0.946288 0.487089 0.950939 0.524170 0.932773 0.570439 0.917483 0.654561 0.924711 0.659947 0.990544 0.669656 1.000000 0.489209 1.000000 0.438206