0 0.596769 0.170761 0.597678 0.294514 0.604517 0.328150 0.888202 0.321948 0.903134 0.317936 0.910480 0.309058 0.935292 0.154850 0.934878 0.131105 0.929748 0.123692 0.874713 0.122153 0.629969 0.138927 0.608873 0.148047 0.596769 0.170761
0 0.253028 0.174261 0.270817 0.333975 0.307150 0.338341 0.528366 0.334480 0.559480 0.326436 0.572639 0.292450 0.572859 0.170547 0.553562 0.129436 0.513889 0.149705 0.304030 0.159619 0.256645 0.166697 0.253028 0.174261
0 0.000000 0.245822 0.000756 0.261177 0.022170 0.342066 0.035984 0.345575 0.243388 0.338203 0.265819 0.334063 0.276870 0.322617 0.248211 0.159062 0.202839 0.163884 0.000000 0.182200 0.000000 0.245822
0 0.575752 0.542434 0.717242 0.554967 0.921027 0.555161 0.932144 0.547466 0.962573 0.356905 0.943389 0.332236 0.911883 0.317784 0.612125 0.334267 0.579791 0.321922 0.577872 0.377372 0.574864 0.419931 0.575752 0.542434
0 0.588413 0.694736 0.597270 0.700833 0.892400 0.705683 0.903495 0.696738 0.915534 0.670273 0.930780 0.612498 0.933678 0.563691 0.921027 0.555161 0.608378 0.549366 0.597261 0.557061 0.590061 0.645950 0.588413 0.694736
0 0.607247 0.699409 0.593630 0.707147 0.589067 0.732231 0.590616 0.820967 0.596995 0.828358 0.697198 0.839109 0.834786 0.842959 0.876008 0.840989 0.893287 0.828186 0.891231 0.781966 0.906344 0.716691 0.901127 0.704281 0.639742 0.698842 0.607247 0.699409
0 0.277122 0.695169 0.252672 0.726852 0.242744 0.746563 0.210903 0.805716 0.232180 0.878234 0.550353 0.877928 0.570219 0.870081 0.573866 0.792505 0.567427 0.710105 0.561003 0.700216 0.289555 0.691202 0.277122 0.695169
0 0.006620 0.883669 0.221609 0.881167 0.229295 0.876856 0.195111 0.801705 0.230059 0.756789 0.242594 0.737991 0.257862 0.711998 0.261994 0.687933 0.048058 0.679164 0.016856 0.682209 0.005761 0.691155 0.006620 0.883669
0 0.259722 0.342919 0.217839 0.378656 0.215711 0.399947 0.222178 0.412336 0.225245 0.444788 0.254508 0.545541 0.289611 0.551180 0.477170 0.552906 0.530891 0.550719 0.545756 0.542958 0.552514 0.500333 0.552200 0.339064 0.547134 0.335402 0.259722 0.342919
0 0.255844 0.550519 0.248520 0.560648 0.249066 0.591894 0.261361 0.651687 0.281969 0.686333 0.460800 0.689462 0.503425 0.696220 0.535920 0.695653 0.550766 0.686642 0.549194 0.596656 0.542269 0.558022 0.537205 0.554359 0.287047 0.547473 0.255844 0.550519
0 0.000000 0.504364 0.000666 0.542470 0.205961 0.557641 0.233348 0.550911 0.239053 0.535105 0.215294 0.484067 0.210167 0.354100 0.249811 0.348094 0.247245 0.344387 0.003533 0.348642 0.000000 0.349413 0.000000 0.504364
0 0.002039 0.621209 0.021769 0.677123 0.238225 0.687097 0.258222 0.686748 0.269361 0.680303 0.239662 0.554552 0.028139 0.540741 0.000644 0.541222 0.002039 0.621209
0 1.000000 0.632486 0.927334 0.630062 0.902769 0.726755 0.901759 0.740525 0.914409 0.749056 1.000000 0.752380 1.000000 0.632486
0 1.000000 0.567259 0.997138 0.403248 0.955745 0.406828 0.944300 0.455989 0.951527 0.492655 0.936633 0.540078 0.927248 0.625063 0.934834 0.629931 1.000000 0.634933 1.000000 0.567259