0 0.164656 0.771502 0.171898 0.673633 0.154319 0.646259 0.104348 0.632305 0.000653 0.675994 0.002564 0.800794 0.044831 0.840797 0.124758 0.807197 0.164656 0.771502
0 0.173412 0.685048 0.166828 0.730048 0.169331 0.843542 0.277370 0.837869 0.281123 0.766269 0.299162 0.744541 0.328856 0.742319 0.338270 0.723919 0.335636 0.693550 0.308445 0.688347 0.268481 0.644686 0.198759 0.644809 0.173412 0.685048
0 0.226345 0.642477 0.258541 0.632828 0.271048 0.474775 0.284480 0.460364 0.281122 0.403506 0.184998 0.383355 0.131275 0.440998 0.122781 0.482120 0.133119 0.607361 0.226345 0.642477
0 0.211598 0.641705 0.191714 0.617989 0.133316 0.603592 0.131342 0.641277 0.147998 0.645928 0.173214 0.688817 0.196653 0.644700 0.211598 0.641705
0 0.403580 0.485500 0.346169 0.452261 0.271444 0.467239 0.263345 0.500823 0.270391 0.648564 0.316478 0.696325 0.398314 0.666605 0.403580 0.485500
0 0.347092 0.716823 0.326353 0.749745 0.319969 0.911897 0.390612 0.934494 0.416025 0.852692 0.423136 0.717030 0.347092 0.716823
0 0.306603 0.884745 0.321352 0.885519 0.331159 0.738661 0.292842 0.744209 0.285798 0.838309 0.306603 0.884745
0 0.503589 0.713688 0.495755 0.701941 0.444598 0.710597 0.439397 0.729217 0.453684 0.900011 0.517680 0.888250 0.519128 0.820308 0.503589 0.713688
0 0.697811 0.716309 0.692281 0.700905 0.554020 0.678544 0.543289 0.681759 0.535586 0.707808 0.524000 0.888581 0.638887 0.913495 0.683525 0.908278 0.697811 0.716309
0 0.846078 0.708964 0.845355 0.803395 0.852992 0.818911 0.901184 0.866783 0.980125 0.852025 0.991975 0.625920 0.914286 0.576503 0.819084 0.579072 0.807563 0.597363 0.803416 0.676498 0.846078 0.708964
0 0.815003 0.858488 0.829750 0.738339 0.707423 0.694141 0.694191 0.704783 0.688989 0.844325 0.777016 0.898062 0.791961 0.895067 0.815003 0.858488
0 0.850489 0.705417 0.809341 0.684367 0.762398 0.693242 0.751469 0.700228 0.827644 0.738228 0.823102 0.824902 0.838836 0.806833 0.850489 0.705417
0 0.801703 0.547931 0.789655 0.535964 0.671080 0.541086 0.665484 0.688164 0.757988 0.696791 0.798806 0.683814 0.807430 0.559567 0.801703 0.547931
0 0.620319 0.542203 0.529528 0.541225 0.533545 0.666134 0.545594 0.678102 0.635989 0.686619 0.645600 0.543528 0.620319 0.542203
0 0.407728 0.527284 0.405687 0.606531 0.480348 0.633116 0.513333 0.608394 0.522022 0.442583 0.398511 0.420995 0.361708 0.437961 0.360522 0.460570 0.399564 0.481511 0.407728 0.527284
0 0.350581 0.448714 0.432614 0.415225 0.436234 0.305831 0.428992 0.282778 0.310419 0.287900 0.300675 0.393195 0.303506 0.419795 0.317267 0.439409 0.350581 0.448714
0 0.463492 0.269472 0.556389 0.270561 0.556256 0.111847 0.467770 0.107209 0.458356 0.246530 0.463492 0.269472
0 0.599908 0.125470 0.575942 0.139330 0.567647 0.176683 0.560603 0.270783 0.668050 0.276413 0.676477 0.155934 0.671341 0.132992 0.599908 0.125470
0 0.682733 0.439669 0.694781 0.451638 0.739814 0.438883 0.747517 0.291914 0.629733 0.281963 0.622886 0.372294 0.666931 0.378381 0.684708 0.401986 0.682733 0.439669
0 0.688000 0.500406 0.773787 0.516238 0.782806 0.505375 0.792748 0.396311 0.740472 0.386014 0.733362 0.400756 0.735995 0.431125 0.724672 0.445647 0.684445 0.447317 0.680362 0.484891 0.688000 0.500406
0 0.503323 0.275338 0.497925 0.418648 0.514780 0.419531 0.538416 0.371645 0.606031 0.371411 0.608863 0.277091 0.503323 0.275338
0 0.523866 0.367105 0.518203 0.434825 0.527027 0.548652 0.675491 0.537538 0.685498 0.386911 0.662916 0.374392 0.523866 0.367105
0 0.510039 0.268133 0.432088 0.264047 0.432812 0.411456 0.500033 0.418758 0.510039 0.268133
0 0.181377 0.371828 0.182298 0.394548 0.265123 0.406447 0.282570 0.456486 0.299820 0.449831 0.299753 0.370475 0.181377 0.371828
0 0.447034 0.623812 0.405491 0.610300 0.402858 0.700852 0.418330 0.728114 0.415433 0.863997 0.439794 0.842602 0.440122 0.755708 0.466061 0.704164 0.499969 0.702163 0.511886 0.797256 0.520312 0.797697 0.526698 0.635545 0.508527 0.619478 0.447034 0.623812
1 0.351767 0.667944 0.388767 0.647211 0.382908 0.597780 0.355717 0.592575 0.348803 0.603550 0.351767 0.667944