0 0.678797 0.000000 0.670648 0.024595 0.687334 0.161284 0.698253 0.196352 0.910214 0.287791 0.940361 0.208131 0.888469 0.000000 0.678797 0.000000
0 0.918278 0.546869 0.907670 0.312472 0.693725 0.204352 0.610416 0.393456 0.615503 0.457461 0.640936 0.550745 0.856433 0.682527 0.882114 0.593675 0.918278 0.546869
0 0.976277 0.456830 0.981488 0.373081 0.956489 0.272817 0.920016 0.405584 0.910152 0.531717 0.859286 0.685250 0.856991 0.754530 0.866978 0.820747 0.883044 0.789259 0.976277 0.456830
0 0.540692 0.785297 0.568917 0.898498 0.827650 0.837423 0.850911 0.738869 0.844150 0.685589 0.630700 0.553297 0.540692 0.785297
0 0.614262 0.574573 0.445722 0.465438 0.348458 0.668328 0.373517 0.751400 0.491378 0.849123 0.558309 0.890836 0.540320 0.775083 0.614262 0.574573
0 0.310866 0.430353 0.421469 0.498967 0.442869 0.462714 0.402920 0.311211 0.405092 0.276316 0.439272 0.212828 0.447584 0.176402 0.350814 0.128386 0.259442 0.285147 0.281650 0.365495 0.310866 0.430353
0 0.606013 0.480439 0.602166 0.412691 0.683923 0.199925 0.495286 0.106106 0.402611 0.283805 0.451058 0.460672 0.613889 0.564359 0.622573 0.538147 0.606013 0.480439
0 0.474411 0.000000 0.475994 0.011291 0.493673 0.099638 0.686405 0.192436 0.668167 0.032084 0.655003 0.000000 0.474411 0.000000
0 0.438608 0.000000 0.162053 0.068953 0.127811 0.149633 0.143878 0.231513 0.160564 0.254834 0.201505 0.357994 0.288411 0.418775 0.302741 0.415203 0.302802 0.398011 0.287294 0.388136 0.279603 0.366005 0.258636 0.281913 0.347961 0.125663 0.375752 0.132475 0.383009 0.161584 0.394484 0.155287 0.436480 0.192911 0.461106 0.169595 0.493673 0.099638 0.474834 0.000000 0.438608 0.000000
0 0.000000 0.466139 0.017333 0.500105 0.040905 0.542322 0.076387 0.571264 0.111683 0.538417 0.197411 0.359016 0.121670 0.151164 0.083708 0.129711 0.058275 0.149794 0.000000 0.237428 0.000000 0.466139
0 0.000000 0.230822 0.068572 0.130050 0.120058 0.144695 0.144747 0.104186 0.135442 0.075588 0.000000 0.109358 0.000000 0.230822
0 0.348953 0.644156 0.407448 0.529947 0.408752 0.509009 0.225139 0.383020 0.211244 0.379614 0.209073 0.414509 0.183206 0.441570 0.166023 0.442419 0.107092 0.563609 0.084141 0.576202 0.053931 0.559686 0.035881 0.574494 0.013239 0.614492 0.067269 0.831192 0.233203 0.982202 0.502170 0.918575 0.546027 0.893898 0.434681 0.804858 0.413837 0.799748 0.368617 0.749186 0.346348 0.686031 0.348953 0.644156
1 0.433067 0.798389 0.454283 0.813712 0.435797 0.722130 0.499256 0.592941 0.524069 0.518047 0.499566 0.506980 0.428292 0.648423 0.423639 0.690808 0.412536 0.707317 0.423330 0.776770 0.433067 0.798389
1 0.588581 0.663425 0.583619 0.678403 0.593791 0.693044 0.795766 0.831633 0.816733 0.802356 0.817600 0.788398 0.737642 0.729320 0.684667 0.673822 0.679333 0.678588 0.664694 0.654755 0.621333 0.655259 0.605019 0.642150 0.588581 0.663425
1 0.474816 0.224578 0.616061 0.302730 0.639756 0.310562 0.652536 0.283330 0.591806 0.222892 0.577478 0.226464 0.457384 0.180828 0.451553 0.209766 0.461789 0.207214 0.474816 0.224578
1 0.915177 0.272811 0.905500 0.234000 0.758052 0.174572 0.700920 0.137286 0.687397 0.144092 0.695027 0.183414 0.888566 0.279447 0.905314 0.285577 0.915177 0.272811
1 0.549219 0.000000 0.548013 0.003641 0.551983 0.037005 0.572081 0.135055 0.607191 0.153784 0.579553 0.000000 0.549219 0.000000
1 0.242197 0.643291 0.216516 0.618775 0.177622 0.628473 0.097664 0.569395 0.082467 0.586927 0.055483 0.583347 0.023722 0.656539 0.066463 0.827958 0.233203 0.982202 0.529217 0.904961 0.521959 0.875852 0.373083 0.758378 0.355653 0.714630 0.307516 0.678536 0.257581 0.687552 0.242197 0.643291