1 0.395614 0.649825 0.401241 0.755200 0.507469 0.793472 0.502022 0.690698 0.395614 0.649825
1 0.185698 0.634470 0.096923 0.609341 0.106566 0.697458 0.107111 0.705255 0.197798 0.732864 0.185698 0.634470
1 0.527853 0.325886 0.527891 0.363752 0.657914 0.369022 0.659519 0.329738 0.527853 0.325886
1 0.738012 0.680723 0.742091 0.788819 0.805588 0.738677 0.801509 0.630581 0.738012 0.680723
1 0.948389 0.466230 0.949052 0.562811 0.996545 0.545125 0.994927 0.447306 0.948389 0.466230
1 0.540677 0.247948 0.594766 0.287258 0.671753 0.230948 0.602303 0.208383 0.540677 0.247948
1 0.174630 0.189977 0.243900 0.209942 0.300016 0.153786 0.233022 0.141497 0.174630 0.189977
1 0.514628 0.149227 0.527202 0.179686 0.643236 0.171572 0.631259 0.137153 0.514628 0.149227
1 0.226437 0.034883 0.135780 0.069950 0.171825 0.100073 0.264988 0.063527 0.233547 0.036998 0.226437 0.034883
1 0.598697 0.032356 0.693120 0.063620 0.719286 0.039594 0.625545 0.005669 0.598697 0.032356
1 0.278078 0.014297 0.300539 0.049287 0.365394 0.043447 0.343025 0.009756 0.278078 0.014297
0 0.879598 0.216675 0.871316 0.210205 0.776200 0.182773 0.757333 0.181744 0.734692 0.171575 0.667386 0.161005 0.665500 0.156434 0.664186 0.160052 0.649422 0.150508 0.633753 0.150428 0.626167 0.142733 0.601598 0.138573 0.598808 0.143470 0.576742 0.141488 0.567017 0.148044 0.537403 0.150114 0.533055 0.155119 0.516852 0.158602 0.468936 0.190158 0.450559 0.196144 0.299308 0.284283 0.284539 0.297067 0.283547 0.327692 0.314742 0.785013 0.322411 0.793878 0.552911 0.887053 0.571859 0.889253 0.574525 0.893767 0.604016 0.901108 0.605900 0.905677 0.638836 0.917475 0.649745 0.916713 0.688925 0.883417 0.758219 0.810411 0.768886 0.806139 0.772908 0.796456 0.791573 0.783400 0.833831 0.738138 0.858405 0.719966 0.879452 0.696166 0.885730 0.685150 0.888072 0.662656 0.894308 0.662220 0.889141 0.655531 0.888203 0.630919 0.882056 0.229431 0.879598 0.216675
0 0.175739 0.757127 0.185175 0.757642 0.191120 0.764277 0.212653 0.769822 0.239516 0.784397 0.252069 0.784694 0.278769 0.796928 0.304486 0.795131 0.310845 0.785284 0.308398 0.727870 0.288270 0.484837 0.289872 0.474150 0.286842 0.453208 0.288770 0.447197 0.282561 0.335987 0.278833 0.316269 0.273666 0.309580 0.272231 0.300280 0.275023 0.295383 0.283595 0.294783 0.287000 0.287494 0.295409 0.284555 0.298119 0.278489 0.309481 0.272995 0.313542 0.275062 0.314773 0.270273 0.323963 0.267281 0.328230 0.261106 0.372984 0.240350 0.385661 0.231236 0.388370 0.225172 0.404572 0.221687 0.408142 0.216737 0.418891 0.213636 0.420120 0.208848 0.434683 0.204305 0.434355 0.199628 0.443545 0.196634 0.448509 0.189236 0.465492 0.185698 0.469514 0.176016 0.465756 0.099889 0.454437 0.094805 0.452469 0.089067 0.410264 0.079092 0.403658 0.085430 0.398411 0.077569 0.393734 0.077897 0.388072 0.086519 0.392214 0.089756 0.394345 0.097831 0.384458 0.102048 0.385031 0.110236 0.380109 0.107055 0.377483 0.114289 0.343191 0.116688 0.336422 0.120686 0.331503 0.117503 0.332244 0.105700 0.345164 0.100097 0.352305 0.090195 0.352183 0.077278 0.358417 0.076841 0.357845 0.068655 0.350913 0.070316 0.335452 0.061994 0.311047 0.060175 0.276717 0.050823 0.266586 0.051533 0.267609 0.054986 0.259528 0.062602 0.246650 0.057627 0.241767 0.066195 0.235822 0.059559 0.237623 0.062958 0.233602 0.072641 0.224578 0.077973 0.213422 0.075227 0.202303 0.084233 0.189998 0.087442 0.185359 0.099519 0.159603 0.089569 0.156731 0.093294 0.142703 0.094275 0.139133 0.099227 0.114400 0.092730 0.109355 0.098958 0.105377 0.098061 0.105131 0.094552 0.099920 0.098442 0.081217 0.099750 0.078425 0.104647 0.075761 0.100131 0.073461 0.112045 0.063575 0.116263 0.049302 0.113734 0.037405 0.122792 0.037034 0.128695 0.023414 0.135522 0.013734 0.131498 0.012498 0.133381 0.005792 0.325427 0.018866 0.484873 0.041009 0.700736 0.073164 0.712589 0.096828 0.726213 0.136695 0.736352 0.143422 0.742933 0.169014 0.750545 0.175739 0.757127
0 1.000000 0.493739 0.970156 0.066969 0.966755 0.018305 0.958797 0.015717 0.674256 0.005780 0.615772 0.038867 0.585458 0.042161 0.579508 0.057855 0.583759 0.118667 0.585194 0.127970 0.590116 0.131150 0.630517 0.137727 0.636381 0.143194 0.652909 0.144388 0.665091 0.150586 0.672803 0.148873 0.679611 0.156623 0.720791 0.163145 0.730633 0.169506 0.840636 0.197070 0.877631 0.210938 0.883697 0.230491 0.892667 0.661161 0.908336 0.661241 0.910962 0.654005 0.947477 0.616197 0.997689 0.574886 1.000000 0.508728 1.000000 0.493739
0 0.215673 0.019102 0.231644 0.038361 0.390333 0.062856 0.405550 0.067669 0.409158 0.074467 0.452839 0.083166 0.466906 0.093934 0.474434 0.179197 0.548973 0.136378 0.571945 0.128895 0.574734 0.124000 0.571219 0.073713 0.566466 0.050541 0.519177 0.035044 0.519262 0.013886 0.506956 0.017095 0.471477 0.013700 0.434728 0.003342 0.347439 0.009447 0.215673 0.019102