1 0.735669 0.536553 0.559925 0.308517 0.493403 0.408758 0.691847 0.675638 0.735516 0.572183 0.735669 0.536553
1 0.383717 0.601964 0.467986 0.658700 0.617364 0.335073 0.536594 0.260344 0.385536 0.589016 0.384989 0.592900 0.383717 0.601964
1 0.352105 0.419269 0.576158 0.407184 0.579261 0.267661 0.387313 0.272373 0.358245 0.278852 0.352105 0.419269
0 0.402647 0.081753 0.391467 0.094970 0.372984 0.132513 0.369423 0.146800 0.356177 0.241061 0.357878 0.245527 0.354284 0.254528 0.338639 0.354791 0.314831 0.535242 0.324186 0.546064 0.311697 0.568603 0.306981 0.568995 0.311875 0.572853 0.306634 0.610144 0.312034 0.621466 0.315688 0.645219 0.322141 0.654577 0.683498 0.703248 0.707405 0.704495 0.712556 0.700995 0.725728 0.618341 0.732088 0.589658 0.738586 0.582120 0.740914 0.565548 0.736892 0.555475 0.741506 0.539223 0.742178 0.501291 0.768303 0.326447 0.787530 0.167534 0.783473 0.152175 0.441708 0.096750 0.402647 0.081753
0 1.000000 0.207420 0.869197 0.227602 0.811550 0.234289 0.782930 0.233436 0.746636 0.508255 0.733961 0.620555 0.732820 0.656309 0.741848 0.663916 0.890816 0.703864 0.943409 0.716538 0.973700 0.716570 0.998333 0.541295 1.000000 0.517461 1.000000 0.207420
0 0.787320 0.705164 0.763884 0.706095 0.754633 0.711133 0.750208 0.709455 0.746041 0.700419 0.747058 0.693167 0.726672 0.694528 0.727389 0.711528 0.723144 0.714102 0.718383 0.731389 0.730459 0.739425 0.730673 0.748961 0.735567 0.752819 0.725802 0.772572 0.715316 0.775323 0.712047 0.787539 0.696706 0.935380 0.938033 0.970352 0.969478 0.746609 0.965344 0.742859 0.951195 0.744041 0.938503 0.734862 0.932734 0.737220 0.926753 0.730042 0.920223 0.732294 0.882572 0.723833 0.871470 0.725441 0.861825 0.716691 0.851194 0.720480 0.836072 0.712016 0.787320 0.705164
0 0.425380 0.898303 0.693659 0.934952 0.714050 0.767752 0.707922 0.761608 0.711339 0.748356 0.708403 0.741606 0.716423 0.734283 0.717050 0.713244 0.541378 0.686444 0.420911 0.675850 0.413944 0.681209 0.409955 0.676423 0.399761 0.677103 0.397039 0.679891 0.436067 0.689600 0.442520 0.698958 0.440830 0.744141 0.423900 0.881194 0.425380 0.898303
0 0.000000 0.837462 0.420192 0.896517 0.439487 0.748177 0.441244 0.713567 0.439003 0.696350 0.416295 0.692103 0.402080 0.682711 0.319419 0.657361 0.312025 0.643647 0.300566 0.636755 0.287033 0.639078 0.231067 0.622762 0.237283 0.595116 0.233619 0.593545 0.178012 0.585730 0.152292 0.586341 0.145795 0.593877 0.143433 0.605164 0.146658 0.609844 0.140016 0.618416 0.073633 0.615425 0.000000 0.619728 0.000000 0.837462
0 0.000000 0.509797 0.046609 0.531348 0.128731 0.543947 0.132216 0.541266 0.146486 0.511583 0.151805 0.462684 0.149161 0.453861 0.137555 0.448006 0.052386 0.434978 0.036277 0.439053 0.003992 0.436628 0.002436 0.447703 0.000000 0.482539 0.000000 0.509797
0 0.364092 0.146052 0.362678 0.139514 0.357998 0.145194 0.310266 0.131091 0.293541 0.134022 0.276020 0.131559 0.266847 0.124989 0.213198 0.114281 0.181811 0.133109 0.176759 0.152467 0.180344 0.165648 0.174756 0.172256 0.169650 0.230692 0.179441 0.238406 0.185356 0.235012 0.193186 0.245619 0.201823 0.239439 0.206573 0.244333 0.212017 0.238759 0.216586 0.239402 0.218325 0.249153 0.226939 0.251419 0.234422 0.267259 0.231511 0.287977 0.247294 0.280687 0.282625 0.283541 0.303261 0.297003 0.314472 0.289072 0.333842 0.294963 0.336161 0.300572 0.343027 0.279353 0.358412 0.186448 0.364092 0.146052
0 0.137209 0.251484 0.157384 0.240588 0.167509 0.229334 0.177409 0.158897 0.168570 0.133361 0.143287 0.130862 0.140273 0.135720 0.111688 0.140153 0.056606 0.167270 0.039222 0.185953 0.032672 0.232567 0.038072 0.243889 0.059547 0.245850 0.074814 0.253278 0.129806 0.259950 0.137209 0.251484
0 0.135352 0.270236 0.129403 0.268344 0.066648 0.261638 0.053809 0.253495 0.044994 0.255425 0.041220 0.260175 0.036794 0.258498 0.028158 0.264678 0.005011 0.429378 0.033813 0.434481 0.052642 0.427620 0.066353 0.429547 0.072414 0.425119 0.078687 0.430225 0.088344 0.416794 0.098570 0.421400 0.098536 0.416114 0.102167 0.412398 0.128502 0.412931 0.140331 0.406144 0.145663 0.406894 0.150447 0.417072 0.154222 0.412320 0.162455 0.414534 0.173678 0.384422 0.184059 0.293983 0.177675 0.295198 0.136472 0.278845 0.135352 0.270236
0 0.263383 0.320975 0.260884 0.311117 0.248875 0.313655 0.243980 0.309798 0.220613 0.321302 0.192428 0.317341 0.183970 0.327772 0.175091 0.390959 0.179472 0.409531 0.189553 0.415173 0.252488 0.426131 0.267655 0.417700 0.279256 0.351727 0.277127 0.328189 0.271650 0.328475 0.263383 0.320975