0 0.010045 0.387613 0.070306 0.381533 0.200780 0.340270 0.230717 0.027203 0.225658 0.016473 0.164933 0.009017 0.061977 0.016594 0.054880 0.022461 0.010045 0.387613
0 0.492337 0.146936 0.444991 0.134383 0.327433 0.157014 0.307812 0.299498 0.305998 0.383516 0.331422 0.349572 0.472773 0.306275 0.492337 0.146936
0 0.000000 0.654902 0.274064 0.851339 0.305009 0.841659 0.474173 0.727647 0.488959 0.641852 0.482622 0.624227 0.342564 0.553116 0.300414 0.498239 0.307278 0.390412 0.238936 0.358433 0.186586 0.352006 0.047328 0.395559 0.009230 0.394252 0.000000 0.469419 0.000000 0.654902
0 0.522198 0.440388 0.489647 0.722808 0.718227 0.851961 0.820033 0.749895 0.849995 0.696291 0.882531 0.535175 0.895109 0.415414 0.887086 0.394211 0.672923 0.320741 0.611088 0.356953 0.581772 0.353355 0.536631 0.374769 0.522198 0.440388
0 0.536631 0.374769 0.577584 0.352841 0.463583 0.311886 0.335203 0.353406 0.318098 0.371523 0.303019 0.494347 0.307319 0.528570 0.493091 0.625511 0.536631 0.374769
0 0.197781 0.000000 0.197566 0.002916 0.226473 0.009834 0.234906 0.027717 0.211433 0.270817 0.219402 0.275164 0.207470 0.337722 0.295936 0.378911 0.320392 0.179737 0.334530 0.151147 0.449994 0.128259 0.460241 0.062125 0.446397 0.053686 0.437094 0.025588 0.444800 0.000000 0.197781 0.000000
0 0.513756 0.041739 0.479055 0.307045 0.603527 0.349286 0.673739 0.314102 0.706403 0.065392 0.616712 0.034162 0.513756 0.041739
0 1.000000 0.108736 0.879355 0.083259 0.839897 0.051458 0.807728 0.071095 0.727342 0.067964 0.712333 0.086339 0.701623 0.138937 0.677520 0.317936 0.879525 0.386544 0.905636 0.433555 0.962005 0.389931 0.990338 0.349606 1.000000 0.295095 1.000000 0.108736
0 0.876305 0.551259 0.847142 0.719528 0.944352 0.620267 0.975608 0.452255 0.978758 0.391989 0.897723 0.446061 0.876305 0.551259
0 1.000000 0.324153 0.992487 0.366719 0.999641 0.377705 0.943536 0.626906 0.991530 0.582255 1.000000 0.513270 1.000000 0.324153
0 1.000000 0.079569 0.945875 0.071209 0.949305 0.095217 1.000000 0.103786 1.000000 0.079569
0 0.484775 0.000000 0.488980 0.018480 0.476936 0.047327 0.460648 0.058805 0.457906 0.115752 0.498916 0.110678 0.506659 0.047606 0.633409 0.019364 0.517955 0.000000 0.484775 0.000000
1 0.190117 0.028958 0.187152 0.018484 0.150739 0.020753 0.141603 0.043219 0.117077 0.346841 0.128011 0.361661 0.158956 0.351983 0.190117 0.028958
1 0.000000 0.553002 0.016536 0.577106 0.109597 0.615491 0.286236 0.734897 0.311364 0.737983 0.473023 0.633156 0.047792 0.409095 0.032319 0.413934 0.027372 0.436914 0.002300 0.450684 0.000000 0.469419 0.000000 0.553002
1 0.377347 0.564125 0.385259 0.551619 0.400689 0.425950 0.417387 0.393823 0.547397 0.339025 0.525178 0.329558 0.389294 0.380264 0.377602 0.388937 0.360131 0.548533 0.377347 0.564125
1 0.690450 0.178000 0.692895 0.158083 0.679053 0.149644 0.503511 0.107873 0.504437 0.134944 0.690450 0.178000
1 0.793703 0.133395 0.763836 0.342012 0.798211 0.356342 0.838436 0.115300 0.812028 0.105319 0.798242 0.113734 0.793703 0.133395
1 0.670825 0.822553 0.685609 0.736759 0.683053 0.722967 0.664614 0.717333 0.649014 0.809767 0.670825 0.822553
1 0.747630 0.629808 0.873339 0.540786 0.882419 0.501466 0.807259 0.559630 0.753744 0.580016 0.614558 0.519120 0.586520 0.522417 0.570120 0.500186 0.521495 0.480738 0.518291 0.524148 0.747630 0.629808
1 0.679725 0.351903 0.626097 0.338580 0.611903 0.350314 0.612775 0.360530 0.808091 0.431686 0.836998 0.438605 0.853286 0.427127 0.679725 0.351903