1 0.271184 0.272953 0.273438 0.127378 0.052584 0.125725 0.051833 0.274606 0.271184 0.272953
1 0.288463 0.122416 0.288463 0.274606 0.497295 0.272953 0.498798 0.122416 0.288463 0.122416
1 0.282452 0.334161 0.279447 0.469811 0.492038 0.466502 0.492788 0.332505 0.282452 0.334161
1 0.265925 0.473119 0.266677 0.342433 0.051833 0.334161 0.054087 0.463194 0.265925 0.473119
1 0.270433 0.676591 0.268178 0.527709 0.052584 0.532670 0.053334 0.673284 0.270433 0.676591
1 0.284705 0.529364 0.286208 0.678247 0.497295 0.671630 0.495042 0.521092 0.284705 0.529364
1 0.271184 0.883373 0.269681 0.737800 0.051083 0.726219 0.050330 0.876756 0.271184 0.883373
1 0.283955 0.732836 0.283203 0.880067 0.492038 0.876756 0.494291 0.734491 0.283955 0.732836
1 0.508564 0.531017 0.511569 0.683209 0.718900 0.678247 0.718150 0.521092 0.508564 0.531017
1 0.508564 0.120761 0.504808 0.277916 0.718900 0.264681 0.721155 0.122416 0.508564 0.120761
1 0.505559 0.330852 0.507061 0.461538 0.721905 0.469811 0.720403 0.325887 0.505559 0.330852
1 0.721905 0.744417 0.721905 0.734491 0.505559 0.731183 0.504808 0.876756 0.722656 0.875103 0.721905 0.744417
1 0.732422 0.731183 0.732422 0.878412 0.953275 0.883373 0.950270 0.726219 0.732422 0.731183
1 0.950270 0.524400 0.735427 0.519436 0.733173 0.531017 0.735427 0.679902 0.953275 0.679902 0.950270 0.524400
1 0.734684 0.332505 0.735427 0.473119 0.951772 0.474772 0.949519 0.334161 0.734684 0.332505
1 0.735427 0.117452 0.734675 0.269645 0.948017 0.276262 0.948017 0.120761 0.735427 0.117452