1 0.346242 0.233067 0.283498 0.289236 0.453736 0.407122 0.524167 0.342128 0.346242 0.233067
1 0.678614 0.515850 0.656513 0.426337 0.574964 0.377694 0.510025 0.438688 0.584158 0.481444 0.609008 0.568956 0.678614 0.515850
1 0.452217 0.713764 0.466906 0.765142 0.629461 0.617748 0.608045 0.572075 0.452217 0.713764
1 0.678614 0.515850 0.690969 0.563286 0.843502 0.420772 0.822634 0.377922 0.678614 0.515850
1 0.618614 0.682886 0.772244 0.546020 0.754673 0.503998 0.611064 0.635983 0.606945 0.647044 0.618614 0.682886
1 0.544614 0.697270 0.459356 0.766609 0.372864 0.724792 0.381100 0.767164 0.471711 0.814045 0.562323 0.748061 0.544614 0.697270
1 0.743280 0.405073 0.719255 0.354044 0.586634 0.284547 0.533091 0.331600 0.634134 0.399905 0.671202 0.461592 0.743280 0.405073
1 0.588695 0.222584 0.649377 0.260625 0.757014 0.169345 0.683153 0.128003 0.588695 0.222584
1 0.525267 0.251036 0.367661 0.165875 0.307527 0.211278 0.457994 0.308086 0.525267 0.251036
1 0.338689 0.315153 0.194808 0.429603 0.184784 0.434481 0.246427 0.485528 0.403352 0.365613 0.405273 0.359375 0.338689 0.315153
1 0.288025 0.465717 0.223223 0.519355 0.241480 0.605217 0.298592 0.641022 0.278825 0.571575 0.354334 0.508527 0.290908 0.456361 0.288025 0.465717
1 0.223222 0.599972 0.231045 0.632164 0.388927 0.734862 0.389752 0.690728 0.223222 0.599972
1 0.634552 0.168231 0.578814 0.123366 0.414612 0.262284 0.472136 0.308269 0.634552 0.168231
1 0.179700 0.626022 0.329755 0.728773 0.325637 0.691464 0.175994 0.582769 0.165697 0.586236 0.179700 0.626022
0 0.066580 0.398828 0.066236 0.409155 0.069530 0.426103 0.190270 0.656214 0.275181 0.726189 0.332020 0.768642 0.336823 0.769175 0.349523 0.782097 0.469238 0.865828 0.486536 0.874192 0.511248 0.856197 0.876861 0.503698 0.876730 0.228891 0.857991 0.217142 0.521016 0.051783 0.510033 0.051720 0.077905 0.388564 0.066580 0.398828